x,y
-0.010185545220241843,1.1953904332159815e-5
-0.004798778978386871,1.2723283700735721e-5
0.0005879872634681006,1.3620343990272676e-5
0.005974753505323073,1.465319973306678e-5
0.011361519747178044,1.583098801233307e-5
0.016748285989033017,1.716392615862261e-5
0.022135052230887988,1.866337446090882e-5
0.02752181847274296,2.0341904086437768e-5
0.032908584714597934,2.2213370403992294e-5
0.0382953509564529,2.4292991912255868e-5
0.04368211719830788,2.659743497339384e-5
0.049068883440162844,2.9144904557645845e-5
0.05445564968201782,3.195524120314097e-5
0.05984241592387279,3.5050024397881296e-5
0.06522918216572776,3.845268258745316e-5
0.07061594840758273,4.218861001310803e-5
0.07600271464943771,4.6285290580899696e-5
0.08138948089129268,5.077242895833167e-5
0.08677624713314765,5.568208909025041e-5
0.09216301337500261,6.104884031848945e-5
0.0975497796168576,6.690991128296964e-5
0.10293654585871256,7.330535176935937e-5
0.10832331210056753,8.02782026603499e-5
0.11371007834242251,8.787467413040595e-5
0.11909684458427748,9.614433221270119e-5
0.12448361082613245,0.00010514029384573603
0.12987037706798743,0.00011491943049054404
0.1352571433098424,0.00012554258038730698
0.14064390955169737,0.00013707476949532948
0.14603067579355233,0.00014958544113612138
0.1514174420354073,0.00016314869433009527
0.15680420827726227,0.00017784353078679344
0.16219097451911726,0.0001937541104754456
0.16757774076097223,0.00021097001566830476
0.1729645070028272,0.00022958652330953497
0.17835127324468217,0.00024970488552338715
0.18373803948653714,0.0002714326180322836
0.1891248057283921,0.0002948837962111553
0.19451157197024707,0.0003201793584544331
0.19989833821210207,0.0003474474164863531
0.20528510445395703,0.0003768235721896031
0.210671870695812,0.00040845124047653517
0.21605863693766697,0.00044248197766849975
0.22144540317952194,0.0004790758147944184
0.2268321694213769,0.0005184015951573279
0.23221893566323187,0.0005606373154601017
0.23760570190508687,0.0006059704697166275
0.24299246814694184,0.0006545983951146868
0.2483792343887968,0.0007067286189318227
0.25376600063065174,0.0007625792055413715
0.25915276687250677,0.0008223791024824408
0.26453953311436174,0.0008863684845040361
0.2699262993562167,0.0009547990944283637
0.27531306559807167,0.001027934579618233
0.28069983183992664,0.0011060508227709077
0.2860865980817816,0.0011894362657009702
0.2914733643236366,0.00127839222471883
0.29686013056549154,0.0013732331961546877
0.3022468968073465,0.001474287150527602
0.3076336630492015,0.001581895813810165
0.31302042929105645,0.00169641493419391
0.3184071955329114,0.001818214532721716
0.3237939617747664,0.0019476791361175555
0.32918072801662135,0.002085207990113261
0.3345674942584764,0.002231215251548884
0.33995426050033134,0.002386130157504038
0.3453410267421863,0.0025503971697072164
0.3507277929840413,0.0027244760924654138
0.35611455922589624,0.002908842162359558
0.3615013254677512,0.0031039861079644425
0.3668880917096062,0.0033104141778677564
0.37227485795146115,0.0035286481352967657
0.3776616241933161,0.00375922521769299
0.3830483904351711,0.004002698059627392
0.38843515667702605,0.004259634577500733
0.393821922918881,0.004530617814542934
0.399208689160736,0.004816245744700506
0.40459545540259095,0.005117131034087046
0.409982221644446,0.005433900758768873
0.41536898788630094,0.005767196077763631
0.4207557541281559,0.00611767186024809
0.4261425203700109,0.006485996266094807
0.43152928661186585,0.006872850278996895
0.4369160528537208,0.007278927191583233
0.4423028190955758,0.007704932042083314
0.44768958533743075,0.008151581002263368
0.4530763515792857,0.00861960071652754
0.4584631178211407,0.00910972759225918
0.46384988406299565,0.00962270704166147
0.4692366503048506,0.010159292675553273
0.4746234165467056,0.010720245449773
0.48001018278856056,0.011306332765049006
0.4853969490304156,0.011918327521402611
0.49078371527227055,0.012557007128362274
0.4961704815141255,0.013223152472480893
0.5015572477559804,0.013917546843863118
0.5069440139978354,0.014640974823625426
0.5123307802396904,0.015394221134425401
0.5177175464815453,0.016178069456410045
0.5231043127234004,0.01699330121113913
0.5284910789652554,0.017840694316247574
0.5338778452071103,0.018721021913807014
0.5392646114489653,0.01963505107553805
0.5446513776908203,0.020583541488211086
0.5500381439326752,0.021567244122744154
0.5554249101745302,0.02258689989067205
0.5608116764163852,0.02364323829181201
0.5661984426582402,0.024736976057089972
0.5715852089000951,0.025868815790615715
0.5769719751419501,0.027039444615205577
0.5823587413838051,0.028249532825644033
0.58774550762566,0.02949973255405229
0.593132273867515,0.03079067645179017
0.59851904010937,0.03212297639235754
0.6039058063512249,0.033497222199780706
0.6092925725930799,0.03491398040697141
0.6146793388349349,0.0363737930485233
0.6200661050767898,0.037877176492370816
0.6254528713186448,0.03942462031467284
0.6308396375604998,0.041016586222198836
0.6362264038023547,0.04265350702638932
0.6416131700442097,0.044335785673137305
0.6469999362860647,0.04606379433218685
0.6523867025279196,0.047837873549877445
0.6577734687697746,0.04965833146877258
0.6631602350116296,0.05152544311750114
0.6685470012534845,0.05343944977391204
0.6739337674953396,0.05540055840439483
0.6793205337371946,0.05740894118195386
0.6847072999790496,0.05946473508534315
0.6900940662209045,0.06156804158127148
0.6954808324627595,0.06371892639137733
0.7008675987046145,0.06591741934534856
0.7062543649464694,0.0681635143212285
0.7116411311883244,0.07045716927360285
0.7170278974301794,0.07279830635001192
0.7224146636720343,0.07518681209557015
0.7278014299138893,0.07762253774541195
0.7331881961557443,0.08010529960421484
0.7385749623975992,0.08263487951168211
0.7439617286394542,0.08521102539249698
0.7493484948813092,0.08783345188889626
0.7547352611231641,0.090501841073647
0.7601220273650191,0.09321584324085341
0.7655087936068741,0.09597507777167401
0.770895559848729,0.09877913407168772
0.776282326090584,0.10162757257631912
0.781669092332439,0.10451992582041925
0.7870558585742939,0.10745569956779621
0.7924426248161489,0.11043437399620432
0.7978293910580039,0.11345540493303324
0.8032161572998588,0.11651822513669065
0.8086029235417138,0.11962224561844174
0.8139896897835688,0.12276685699926307
0.8193764560254237,0.12595143089608207
0.8247632222672788,0.12917532133161355
0.8301499885091338,0.13243786616186706
0.8355367547509888,0.13573838851528566
0.8409235209928437,0.13907619823739376
0.8463102872346987,0.14245059333476873
0.8516970534765537,0.14586086141211904
0.8570838197184086,0.14930628109624655
0.8624705859602636,0.15278612344069106
0.8678573522021186,0.15629965330490145
0.8732441184439735,0.15984613070185774
0.8786308846858285,0.16342481210816667
0.8840176509276835,0.16703495173078414
0.8894044171695384,0.17067580272467395
0.8947911834113934,0.17434661835589196
0.9001779496532484,0.17804665310479165
0.9055647158951033,0.18177516370427785
0.9109514821369583,0.18553141010828952
0.9163382483788133,0.18931465638596803
0.9217250146206682,0.1931241715372684
0.9271117808625232,0.1969592302260869
0.9324985471043782,0.20081911342731962
0.9378853133462332,0.2047031089846214
0.9432720795880881,0.20861051207600906
0.9486588458299431,0.2125406255848415
0.954045612071798,0.21649276037411339
0.959432378313653,0.22046623546241317
0.964819144555508,0.2244603781003266
0.970205910797363,0.22847452374649924
0.975592677039218,0.23250801594302156
0.980979443281073,0.23656020609024586
0.986366209522928,0.24063045312160533
0.9917529757647829,0.2447181230794603
0.9971397420066379,0.24882258859345968
1.0025265082484929,0.2529432282633649
1.0079132744903478,0.25707942594874034
1.0133000407322028,0.26123056996836935
1.0186868069740578,0.26539605221270196
1.0240735732159127,0.26957526717308156
1.0294603394577677,0.2737676108919281
1.0348471056996227,0.27797247983847767
1.0402338719414777,0.2821892697150814
1.0456206381833326,0.2864173741994637
1.0510074044251876,0.2906561836287124
1.0563941706670426,0.29490508363113294
1.0617809369088975,0.2991634537124367
1.0671677031507525,0.3034306658030483
1.0725544693926075,0.307706082773611
1.0779412356344624,0.31198905692603773
1.0833280018763174,0.3162789284676963
1.0887147681181724,0.3205750239765287
1.0941015343600273,0.32487665486509565
1.0994883006018823,0.3291831158516809
1.1048750668437373,0.33349368344672087
1.1102618330855922,0.3378076144629071
1.1156485993274472,0.3421241445573653
1.1210353655693022,0.3464424868143333
1.1264221318111571,0.35076183037674136
1.131808898053012,0.3550813391350455
1.137195664294867,0.3594001504815717
1.142582430536722,0.36371737413849553
1.147969196778577,0.36803209106742213
1.153355963020432,0.37234335246831357
1.158742729262287,0.3766501788752756
1.164129495504142,0.38095155935642694
1.1695162617459969,0.38524645082475506
1.1749030279878518,0.3895337774665065
1.1802897942297068,0.3938124302932641
1.1856765604715618,0.39808126682343314
1.1910633267134167,0.40233911089840013
1.1964500929552717,0.40658475263812643
1.201836859197127,0.4108169485404161
1.2072236254389819,0.4150344217275411
1.2126103916808368,0.4192358623433222
1.2179971579226918,0.423419928103158
1.2233839241645468,0.4275852449988654
1.2287706904064017,0.4317304081595406
1.2341574566482567,0.43585398286898663
1.2395442228901117,0.4399545057395722
1.2449309891319666,0.4440304860416896
1.2503177553738216,0.44808040718728603
1.2557045216156766,0.45210272836523246
1.2610912878575316,0.45609588632559106
1.2664780540993865,0.46005829730913894
1.2718648203412415,0.4639883591178079
1.2772515865830965,0.4678844533210137
1.2826383528249514,0.47174494759217134
1.2880251190668064,0.47556819816904067
1.2934118853086614,0.47935255243090535
1.2987986515505163,0.48309635158497866
1.3041854177923713,0.486797933453845
1.3095721840342263,0.4904556353551928
1.3149589502760812,0.4940677970645737
1.3203457165179362,0.49763276385144706
1.3257324827597912,0.5011488895783223
1.3311192490016461,0.5046145398524202
1.336506015243501,0.5080280952189208
1.341892781485356,0.5113879543845634
1.347279547727211,0.5146925374601156
1.352666313969066,0.5179402892100244
1.358053080210921,0.5211296822974247
1.363439846452776,0.5242592205125831
1.368826612694631,0.5273274419728275
1.3742133789364859,0.5303329222820367
1.3796001451783408,0.5332742776378403
1.3849869114201958,0.5361501678748262
1.3903736776620508,0.538959299432241
1.3957604439039057,0.5417004282349241
1.4011472101457607,0.5443723624765242
1.4065339763876157,0.5469739652944063
1.4119207426294706,0.5495041573260713
1.4173075088713256,0.5519619191373738
1.4226942751131806,0.5543462935133363
1.4280810413550356,0.5566563876029137
1.4334678075968905,0.5588913749096596
1.4388545738387455,0.5610504971208894
1.4442413400806005,0.5631330657686036
1.4496281063224554,0.5651384637161445
1.4550148725643104,0.5670661464652935
1.4604016388061654,0.5689156432792757
1.4657884050480203,0.5706865581179146
1.4711751712898753,0.572378570381982
1.4765619375317303,0.5739914354645864
1.4819487037735852,0.5755249851082617
1.4873354700154402,0.5769791275672337
1.4927222362572952,0.5783538475751571
1.4981090024991501,0.5796492061194192
1.5034957687410053,0.5808653400239113
1.5088825349828603,0.582002461342942
1.5142693012247153,0.5830608565697374
1.5196560674665702,0.5840408856637074
1.5250428337084252,0.5849429809013706
1.5304295999502802,0.585767645556512
1.5358163661921351,0.586515452415793
1.54120313243399,0.5871870421366405
1.546589898675845,0.587783121454813
1.5519766649177,0.5883044612495597
1.557363431159555,0.5887518944747723
1.56275019740141,0.5891263139649526
1.568136963643265,0.589428670125203
1.57352372988512,0.5896599685147711
1.5789104961269749,0.5898212673339569
1.5842972623688298,0.5899136748244097
1.5896840286106848,0.5899383465930105
1.5950707948525398,0.5898964828696476
1.6004575610943947,0.5897893257092539
1.6058443273362497,0.5896181561484739
1.6112310935781047,0.5893842913272895
1.6166178598199596,0.5890890815858273
1.6220046260618146,0.5887339075464241
1.6273913923036696,0.5883201771908345
1.6327781585455245,0.5878493229422125
1.6381649247873795,0.5873227987612228
1.6435516910292345,0.5867420772653031
1.6489384572710895,0.5861086468797359
1.6543252235129444,0.5854240090287859
1.6597119897547994,0.5846896753747297
1.6650987559966544,0.5839071651121386
1.6704855222385093,0.5830780023242919
1.6758722884803643,0.5822037134080906
1.6812590547222193,0.5812858245733133
1.6866458209640742,0.5803258594215193
1.6920325872059292,0.5793253366093509
1.6974193534477842,0.578285767600436
1.7028061196896391,0.5772086545095243
1.708192885931494,0.576095488041942
1.713579652173349,0.5749477455308896
1.718966418415204,0.5737668890745641
1.724353184657059,0.5725543637745535
1.729739950898914,0.571311596076431
1.735126717140769,0.5700399922129759
1.740513483382624,0.5687409367499663
1.7459002496244789,0.5674157912340319
1.7512870158663338,0.5660658929416224
1.7566737821081888,0.5646925537277463
1.7620605483500438,0.5632970589727548
1.7674473145918987,0.5618806666251108
1.7728340808337537,0.5604446063377686
1.7782208470756087,0.5589900786955171
1.7836076133174636,0.5575182545303983
1.7889943795593186,0.5560302743221115
1.7943811458011736,0.5545272476801404
1.7997679120430286,0.5530102529042136
1.8051546782848837,0.5514803366196074
1.8105414445267387,0.549938513483742
1.8159282107685937,0.5483857659604927
1.8213149770104486,0.5468230441586428
1.8267017432523036,0.5452512657309464
1.8320885094941586,0.5436713158303297
1.8374752757360135,0.5420840471198654
1.8428620419778685,0.5404902798332667
1.8482488082197235,0.5388908018828016
1.8536355744615785,0.5372863690116941
1.8590223407034334,0.5356777049882626
1.8644091069452884,0.5340655018392566
1.8697958731871434,0.5324504201200635
1.8751826394289983,0.5308330892196896
1.8805694056708533,0.5292141076986541
1.8859561719127083,0.5275940436581752
1.8913429381545632,0.5259734351392713
1.8967297043964182,0.524352790550641
1.9021164706382732,0.5227325891244232
1.9075032368801281,0.5211132813991685
1.912890003121983,0.519495289729573
1.918276769363838,0.5178790088227374
1.923663535605693,0.5162648063008972
1.929050301847548,0.5146530232907585
1.934437068089403,0.5130439750397133
1.939823834331258,0.5114379515593547
1.945210600573113,0.5098352182968104
1.9505973668149679,0.5082360168345028
1.9559841330568228,0.5066405656189963
1.9613708992986778,0.5050490607196202
1.9667576655405328,0.5034616766175559
1.9721444317823877,0.5018785670260426
1.9775311980242427,0.5002998657422966
1.9829179642660977,0.498725687531643
1.9883047305079526,0.49715612904424233
1.9936914967498076,0.49559126976463597
1.9990782629916626,0.49403117299415744
2.0044650292335175,0.4924758868660466
2.0098517954753725,0.4909254453928692
2.0152385617172275,0.4893798695455821
2.0206253279590825,0.4878391683633063
2.0260120942009374,0.48630334009256093
2.0313988604427924,0.4847723733543926
2.0367856266846474,0.48324624833749863
2.0421723929265023,0.48172493801508687
2.0475591591683573,0.48020840938286036
2.0529459254102123,0.47869662471514585
2.0583326916520672,0.47718954283581333
2.063719457893922,0.47568712040026795
2.069106224135777,0.47418931318442603
2.074492990377632,0.47269607737622954
2.079879756619487,0.47120737086490416
2.085266522861342,0.4697231545228364
2.090653289103197,0.4682433934746246
2.096040055345052,0.4667680583475714
2.101426821586907,0.46529712649761373
2.106813587828762,0.4638305832044496
2.112200354070617,0.4623684228294125
2.117587120312472,0.4609106499294774
2.122973886554327,0.4594572803206405
2.128360652796182,0.4580083420838335
2.1337474190380368,0.45656387650647423
2.1391341852798917,0.4551239389527588
2.1445209515217467,0.4536885996558411
2.1499077177636017,0.4522579444251392
2.1552944840054566,0.4508320752621515
2.1606812502473116,0.4494111108783601
2.1660680164891666,0.4479951871090454
2.1714547827310215,0.4465844572171329
2.1768415489728765,0.44517909208154227
2.1822283152147315,0.4437792802649151
2.1876150814565865,0.44238522795603874
2.1930018476984414,0.44099715878279516
2.1983886139402964,0.4396153134919989
2.2037753801821514,0.4382399494930888
2.2091621464240063,0.4368713402632671
2.2145489126658613,0.4355097746123522
2.2199356789077163,0.43415555580632226
2.2253224451495712,0.43280900054926824
2.230709211391426,0.4314704378242416
2.236095977633281,0.4301402075942807
2.241482743875136,0.42881865936570907
2.246869510116991,0.42750615061663166
2.252256276358846,0.42620304509439033
2.2576430426007015,0.42490971098658686
2.2630298088425564,0.42362651897112324
2.2684165750844114,0.42235384015154676
2.2738033413262664,0.421092043884814
2.2791901075681213,0.41984149550939825
2.2845768738099763,0.4186025539824491
2.2899636400518313,0.41737556943547605
2.2953504062936863,0.4161608806587499
2.300737172535541,0.41495881252530603
2.306123938777396,0.4137696733660747
2.311510705019251,0.41259375230825923
2.316897471261106,0.4114313165896242
2.322284237502961,0.41028260886183654
2.327671003744816,0.409147844496426
2.333057769986671,0.4080272089072825
2.338444536228526,0.4069208549038952
2.343831302470381,0.4058289000897486
2.349218068712236,0.404751424320426
2.354604834954091,0.40368846723603274
2.359991601195946,0.402640025882525
2.365378367437801,0.4016060524364329
2.370765133679656,0.40058645204727844
2.3761518999215108,0.3995810808117239
2.3815386661633657,0.3985897438931387
2.3869254324052207,0.3976121937998413
2.3923121986470757,0.3966481288347614
2.3976989648889306,0.3956971917286845
2.4030857311307856,0.3947589684685674
2.4084724973726406,0.3938329873316833
2.4138592636144955,0.39291871813553847
2.4192460298563505,0.3920155717126332
2.4246327960982055,0.39112289961819546
2.4300195623400604,0.3902399940780227
2.4354063285819154,0.3893660881825164
2.4407930948237704,0.3885003563318943
2.4461798610656253,0.3876419149364261
2.4515666273074803,0.3867898233743624
2.4569533935493353,0.3859430852090172
2.4623401597911903,0.38510064966523433
2.467726926033045,0.3842614133642198
2.4731136922749,0.3834242223144638
2.478500458516755,0.38258787415521045
2.48388722475861,0.38175112064767747
2.489273991000465,0.3809126704079767
2.49466075724232,0.38007119187445304
2.500047523484175,0.3792253165009534
2.50543428972603,0.37837364216635627
2.510821055967885,0.37751473678955455
2.51620782220974,0.37664714213798456
2.521594588451595,0.3757693778167473
2.52698135469345,0.3748799454243765
2.532368120935305,0.37397733286037693
2.53775488717716,0.3730600187687901
2.5431416534190148,0.37212647710125357
2.5485284196608697,0.37117518178230047
2.5539151859027247,0.3702046114590096
2.5593019521445797,0.3692132543165604
2.5646887183864346,0.36819961294077835
2.5700754846282896,0.3671622092083833
2.5754622508701446,0.3660995891853551
2.5808490171119995,0.3650103280136474
2.5862357833538545,0.363893034766373
2.5916225495957095,0.36274635725158033
2.5970093158375644,0.3615689867448306
2.6023960820794194,0.3603596626309677
2.6077828483212744,0.3591171769357507
2.6131696145631294,0.3578403787283856
2.6185563808049843,0.35652817837645645
2.6239431470468393,0.35517955163529835
2.6293299132886943,0.3537935435544899
2.634716679530549,0.35236927218485375
2.640103445772404,0.3509059320701479
2.645490212014259,0.3494027975084928
2.650876978256114,0.34785922556951565
2.656263744497969,0.34627465885419134
2.661650510739824,0.3446486279854195
2.667037276981679,0.34298075381848747
2.672424043223534,0.34127074936173174
2.677810809465389,0.33951842139891447
2.683197575707244,0.33772367180607016
2.688584341949099,0.3358864985568499
2.693971108190954,0.3340069964116864
2.699357874432809,0.33208535728741345
2.704744640674664,0.33012187030530094
2.7101314069165188,0.32811692151679483
2.7155181731583737,0.3260709933075806
2.7209049394002287,0.3239846634819097
2.7262917056420837,0.3218586040304377
2.7316784718839386,0.31969357958610933
2.7370652381257936,0.3174904455738892
2.7424520043676486,0.31525014606136903
2.7478387706095035,0.3129737113184768
2.7532255368513585,0.3106622550956657
2.7586123030932135,0.30831697163106775
2.7639990693350684,0.3059391323981513
2.7693858355769234,0.3035300826064184
2.7747726018187784,0.30109123746861943
2.7801593680606334,0.29862407824883364
2.7855461343024883,0.29613014810657134
2.7909329005443433,0.2936110477527933
2.7963196667861983,0.2910684309344002
2.8017064330280532,0.28850399976433927
2.807093199269908,0.2859194999149807
2.812479965511763,0.2833167156928492
2.817866731753618,0.2806974650131494
2.823253497995473,0.2780635942927894
2.828640264237328,0.2754169732808012
2.834027030479183,0.27275948984515896
2.839413796721038,0.2700930447350258
2.844800562962893,0.26741954633740467
2.850187329204748,0.26474090544703555
2.855574095446603,0.26205903006817033
2.8609608616884583,0.25937582026657047
2.8663476279303133,0.25669316308970846
2.8717343941721682,0.2540129275727257
2.877121160414023,0.25133695984719445
2.882507926655878,0.2486670783691651
2.887894692897733,0.24600506928234986
2.893281459139588,0.24335268193160395
2.898668225381443,0.24071162454112213
2.904054991623298,0.23808356007096831
2.909441757865153,0.23547010226471574
2.914828524107008,0.23287281190008585
2.920215290348863,0.23029319325354702
2.925602056590718,0.2277326907888759
2.930988822832573,0.22519268607869145
2.936375589074428,0.22267449496695815
2.941762355316283,0.22017936497941853
2.947149121558138,0.21770847298786233
2.9525358877999928,0.2152629231330823
2.9579226540418477,0.2128437450102919
2.9633094202837027,0.21045189211971815
2.9686961865255577,0.20808824058401243
2.9740829527674126,0.20575358813306666
2.9794697190092676,0.2034486533557775
2.9848564852511226,0.20117407521727287
2.9902432514929775,0.19893041283910978
2.9956300177348325,0.1967181455389706
3.0010167839766875,0.19453767312543407
3.0064035502185424,0.19238931644248014
3.0117903164603974,0.19027331815750426
3.0171770827022524,0.1881898437857782
3.0225638489441073,0.186138982943495
3.0279506151859623,0.184120750820785
3.0333373814278173,0.182135089865386
3.0387241476696722,0.18018187166700178
3.044110913911527,0.17826089903178194
3.049497680153382,0.17637190823581558
3.054884446395237,0.174514571446044
3.060271212637092,0.17268849929657054
3.065657978878947,0.17089324360797545
3.071044745120802,0.1691283002369351
3.076431511362657,0.16739311204319546
3.081818277604512,0.16568707196076032
3.087205043846367,0.1640095261600259
3.092591810088222,0.1623597772875231
3.097978576330077,0.16073708776991952
3.103365342571932,0.15914068316897678
3.108752108813787,0.15756975557426628
3.114138875055642,0.15602346702060021
3.1195256412974968,0.15450095291734878
3.1249124075393517,0.15300132547707618
3.1302991737812067,0.1515236771312365
3.1356859400230617,0.1500670839210315
3.1410727062649166,0.14863060885193075
3.1464594725067716,0.14721330520079678
3.1518462387486266,0.14581421976503844
3.1572330049904815,0.14443239604372876
3.1626197712323365,0.1430668773411713
3.1680065374741915,0.1417167097839706
3.1733933037160464,0.1403809452432646
3.1787800699579014,0.13905864415439373
3.1841668361997564,0.137748878226921
3.1895536024416113,0.13645073303856986
3.1949403686834663,0.13516331050730762
3.2003271349253213,0.13388573123647346
3.2057139011671762,0.13261713672852204
3.211100667409031,0.13135669146362855
3.216487433650886,0.13010358484006798
3.221874199892741,0.12885703297395001
3.227260966134596,0.12761628035653827
3.232647732376451,0.1263806013680273
3.238034498618306,0.12514930164727536
3.243421264860161,0.12392171931759527
3.248808031102016,0.12269722606929256
3.254194797343871,0.12147522810020023
3.259581563585726,0.12025516691599741
3.264968329827581,0.11903651999260288
3.270355096069436,0.11781880130341726
3.275741862311291,0.11660156171463042
3.281128628553146,0.11538438925222752
3.2865153947950008,0.11416690924470513
3.2919021610368557,0.1129487843458561
3.2972889272787107,0.11172971444229121
3.3026756935205657,0.11050943645063815
3.3080624597624206,0.10928772400959949
3.3134492260042756,0.10806438707224968
3.3188359922461306,0.10683927140411903
3.3242227584879855,0.10561225799274071
3.3296095247298405,0.10438326237443514
3.3349962909716955,0.10315223388416339
3.3403830572135504,0.10191915483431196
3.3457698234554054,0.10068403962826653
3.3511565896972604,0.09944693381459793
3.3565433559391153,0.09820791308761914
3.3619301221809703,0.0969670822399839
3.3673168884228253,0.09572457407287714
3.3727036546646803,0.09448054826921153
3.378090420906535,0.09323519023507962
3.38347718714839,0.0919887099145303
3.388863953390245,0.09074134058254003
3.3942507196321,0.08949333762083417
3.399637485873955,0.08824497728098545
3.40502425211581,0.08699655543898016
3.410411018357665,0.08574838634519273
3.41579778459952,0.08450080137345733
3.421184550841375,0.08325414777266664
3.42657131708323,0.08200878742406559
3.431958083325085,0.08076509560715053
3.43734484956694,0.0795234597768204
3.442731615808795,0.07828427835417687
3.44811838205065,0.07704795953311344
3.4535051482925048,0.07581492010459726
3.4588919145343597,0.0745855843003078
3.464278680776215,0.07336038265707451
3.46966544701807,0.07213975090334161
3.475052213259925,0.07092412886868922
3.48043897950178,0.0697139594172483
3.485825745743635,0.06850968740568024
3.49121251198549,0.06731175866622766
3.496599278227345,0.06612061901520491
3.5019860444692,0.06493671328716667
3.507372810711055,0.06376048439488631
3.51275957695291,0.06259237241517479
3.518146343194765,0.061432813700501104
3.52353310943662,0.06028224001630296
3.5289198756784748,0.059141077703837086
3.5343066419203297,0.05800974686838081
3.5396934081621847,0.05688866059258253
3.5450801744040397,0.055778224174749105
3.5504669406458946,0.05467883439187307
3.5558537068877496,0.0535908787872162
3.5612404731296046,0.0525147349823004
3.5666272393714595,0.051450770013196395
3.5720140056133145,0.050399339691048525
3.5774007718551695,0.049360787986831106
3.5827875380970244,0.048335446440392754
3.5881743043388794,0.04732363359391262
3.5935610705807344,0.0463256544499612
3.5989478368225893,0.04534179995443122
3.6043346030644443,0.044372346504676516
3.6097213693062993,0.04341755548326849
3.6151081355481542,0.04247767281785009
3.620494901790009,0.04155292856763504
3.625881668031864,0.040643536537161615
3.631268434273719,0.039749693917969536
3.636655200515574,0.03887158095891724
3.642041966757429,0.038009360665904685
3.647428732999284,0.03716317853179722
3.652815499241139,0.036333162297377666
3.658202265482994,0.03551942174416717
3.663589031724849,0.034722048519964605
3.668975797966704,0.03394111599794823
3.674362564208559,0.03317667917016999
3.679749330450414,0.0324287745762451
3.685136096692269,0.031697420268002166
3.690522862934124,0.0309826158108103
3.6959096291759788,0.030284342322238034
3.7012963954178337,0.02960256254862581
3.7066831616596887,0.028937220980074493
3.7120699279015437,0.028288244004254642
3.7174566941433986,0.027655540099340237
3.7228434603852536,0.02703900006625773
3.7282302266271086,0.02643849730031947
3.7336169928689635,0.02585388810218027
3.7390037591108185,0.025285012027921536
3.7443905253526735,0.02473169227792338
3.7497772915945284,0.02419373612403755
3.7551640578363834,0.023670935374423288
3.7605508240782384,0.023163066875252922
3.7659375903200933,0.022669893048337164
3.7713243565619483,0.02219116246356298
3.7767111228038033,0.021726610444881153
3.7820978890456582,0.021275959708422276
3.787484655287513,0.020838921031171576
3.792871421529368,0.020415193948479765
3.798258187771223,0.02000446747854598
3.803644954013078,0.019606420871872227
3.809031720254933,0.019220724383552934
3.814418486496788,0.018847040066148374
3.819805252738643,0.018485022580769672
3.825192018980498,0.01813432002390536
3.830578785222353,0.017794574767423993
3.835965551464208,0.01746542430910636
3.841352317706063,0.017146502130992808
3.846739083947918,0.01683743856277478
3.852125850189773,0.01653786164741472
3.857512616431628,0.016247398006153185
3.8628993826734828,0.015965673700042593
3.8682861489153377,0.015692315085147873
3.8736729151571927,0.015426949658566724
3.8790596813990477,0.01516920689245041
3.8844464476409026,0.014918719053245932
3.8898332138827576,0.014675122003436625
3.8952199801246126,0.014438055983128417
3.9006067463664675,0.01420716636890959
3.9059935126083225,0.013982104407508633
3.9113802788501775,0.013762527921883289
3.9167670450920324,0.013548101987490263
3.9221538113338874,0.01333849957662081
3.9275405775757424,0.013133402168822028
3.9329273438175973,0.01293250032558077
3.9383141100594523,0.012735494227599259
3.9437008763013073,0.012542094173163959
3.9490876425431622,0.012352021036278082
3.954474408785017,0.01216500668340914
3.959861175026872,0.011980794347885987
3.965247941268727,0.0117991389611668
3.970634707510582,0.01161980744038732
3.976021473752437,0.01144257893179329
3.981408239994292,0.01126724500984691
3.986795006236147,0.011093609831992146
3.992181772478002,0.010921490249248711
3.997568538719857,0.01075071587299331
4.002955304961712,0.010581129098464565
4.008342071203567,0.01041258508570922
4.013728837445422,0.010244951698854615
4.019115603687277,0.010078109404759006
4.024502369929132,0.009911951132248298
4.029889136170987,0.009746382093294648
4.035275902412842,0.00958131956763486
4.040662668654697,0.009416692652454511
4.046049434896552,0.009252441978884418
4.051436201138407,0.009088519397167483
4.056822967380262,0.008924887632448253
4.062209733622117,0.008761519913228405
4.0675964998639715,0.008598399574604093
4.072983266105827,0.008435519638467087
4.0783700323476815,0.008272882372898221
4.083756798589537,0.00811049883302764
4.089143564831391,0.007948388385657035
4.094530331073247,0.0077865782199591504
4.099917097315101,0.007625102846570947
4.105303863556957,0.0074640035873898836
4.110690629798811,0.007303328058362757
4.116077396040667,0.007143129647529334
4.121464162282521,0.006983466990536258
4.126850928524377,0.006824403445796646
4.132237694766231,0.006666006571399605
4.137624461008087,0.006508347605813649
4.143011227249941,0.0063515009543485355
4.1483979934917965,0.006195543683254328
4.153784759733651,0.006040555023246748
4.159171525975506,0.00588661588415035
4.164558292217361,0.005733808382246974
4.169945058459216,0.005582215381810183
4.175331824701071,0.005431920052193062
4.180718590942926,0.005283005441724265
4.186105357184781,0.0051355540695446015
4.191492123426636,0.004989647536403257
4.196878889668491,0.004845366155304965
4.202265655910346,0.004702788602784871
4.207652422152201,0.004561991591461201
4.213039188394056,0.004423049564399404
4.218425954635911,0.004286034411702626
4.223812720877766,0.004151015209623722
4.229199487119621,0.00401805798238602
4.234586253361476,0.0038872254867835083
4.2399730196033305,0.003758577019529524
4.245359785845186,0.003632168247217444
4.25074655208704,0.0035080510586602094
4.256133318328896,0.0033862734392819454
4.26152008457075,0.0032668793671490398
4.266906850812606,0.0031499087301431945
4.27229361705446,0.003035397263705393
4.277680383296316,0.0029233765085081844
4.28306714953817,0.002813873787349596
4.288453915780026,0.002706912200505144
4.29384068202188,0.00260251063872122
4.299227448263736,0.00250068381299047
4.30461421450559,0.0024014423002080287
4.3100009807474455,0.0023047926037779304
4.3153877469893,0.002210737228209067
4.3207745132311555,0.002119274766724785
4.32616127947301,0.002030400000889665
4.331548045714865,0.0019441040112535835
4.33693481195672,0.0018603742980061871
4.342321578198575,0.0017791949106403526
4.34770834444043,0.001700546585626253
4.353095110682285,0.0016244068911133863
4.35848187692414,0.001550750377690216
4.363868643165995,0.0014795487342559727
4.36925540940785,0.0014107709480779274
4.374642175649705,0.001344383468140517
4.380028941891561,0.0012803503709185593
4.385415708133415,0.0012186335277443588
4.3908024743752705,0.0011591927729722173
4.396189240617125,0.0011019860721830782
4.40157600685898,0.0010469696897122266
4.406962773100835,0.0009940983548240856
4.41234953934269,0.0009433254259015311
4.417736305584545,0.0008946030520616821
4.4231230718264,0.0008478823316510481
4.428509838068255,0.0008031134671237089
4.43389660431011,0.0007602459158446845
4.439283370551965,0.0007192285364089612
4.44467013679382,0.000680009730110398
4.450056903035675,0.0006425375772368402
4.45544366927753,0.0006067599679114855
4.460830435519385,0.0005726247272424545
4.46621720176124,0.0005400797345812003
4.471603968003095,0.0005090730367316582
4.47699073424495,0.00047955295498780526
4.4823775004868045,0.0004514681859134062
4.48776426672866,0.0004247678958126666
4.493151032970514,0.0003994018088720741
4.49853779921237,0.0003753202889837104
4.503924565454224,0.0003524744152900855
4.50931133169608,0.0003308160515159836
4.514698097937934,0.0003102979091768876
4.52008486417979,0.00029087360477766944
4.525471630421644,0.0002724977111339538
4.5308583966635,0.00025512580296746523
4.536245162905354,0.00023871449694416735
4.54163192914721,0.0002232214863367582
4.547018695389064,0.00020860557050694783
4.5524054616309195,0.00019482667941432552
4.557792227872774,0.00018184589336497914
4.5631789941146295,0.00016962545822403474
4.568565760356484,0.00015812879631899035
4.573952526598339,0.00014732051326628304
4.579339292840194,0.00013716640095641497
4.584726059082049,0.00012763343693286688
4.590112825323904,0.00011868978040233125
4.595499591565759,0.00011030476510981435
4.600886357807614,0.00010244888931300322
4.606273124049469,9.509380308395099e-5
4.611659890291324,8.821229316430257e-5
4.617046656533179,8.177826559371826e-5
4.622433422775034,7.576672632730874e-5
4.627820189016889,7.015376004716745e-5
4.633206955258744,6.491650737293353e-5
4.638593721500599,6.0033140661858164e-5
4.6439804877424535,5.5482838585224625e-5
4.649367253984309,5.124575965841094e-5
4.6547540202261635,4.7303014893460005e-5
4.660140786468019,4.363663973419585e-5
4.665527552709873,4.022956542539674e-5
4.670914318951729,3.706558995791864e-5
4.676301085193583,3.412934872414758e-5
4.681687851435439,3.140628500769571e-5
4.687074617677293,2.8882620422922278e-5
4.692461383919149,2.6545325412311027e-5
4.697848150161003,2.4382089899313564e-5
4.703234916402859,2.2381294186663014e-5
4.708621682644713,2.053198018408392e-5
4.714008448886569,1.8823823036327736e-5
4.719395215128423,1.7247103222366167e-5
4.7247819813702785,1.57926791804347e-5
4.730168747612133,1.4451960515651785e-5
4.735555513853988,1.3216881832291139e-5
4.740942280095843,1.2079877232736014e-5
4.746329046337698,1.1033855514597235e-5
4.751715812579553,1.007217609444444e-5
4.757102578821408,9.18862568111134e-6
4.762489345063263,8.377395714694036e-6
4.767876111305118,7.63306058486346e-6
4.773262877546973,6.950556636887983e-6
4.778649643788828,6.325161970063831e-6
4.784036410030683,5.752477028823921e-6
4.789423176272538,5.228405984700202e-6
4.794809942514393,4.749138903532846e-6
4.800196708756248,4.311134689863327e-6
4.805583474998103,3.9111047975964874e-6
4.810970241239958,3.545997694684444e-6
4.8163570074818125,3.2129840665078013e-6
4.821743773723668,2.909442742162968e-6
4.827130539965522,2.632947325480889e-6
4.832517306207378,2.381253512019621e-6
4.837904072449232,2.152287072024195e-6
4.843290838691088,1.944132477716548e-6
4.848677604932942,1.7550221545446776e-6
4.854064371174798,1.5833263337303172e-6
4.859451137416652,1.4275434833919964e-6
4.864837903658508,1.2862912964171913e-6
4.870224669900362,1.1582982120048047e-6
4.875611436142218,1.0423954482398357e-6
4.880998202384072,9.375095231488328e-7
4.8863849686259275,8.426552423751454e-7
4.891771734867782,7.569291308288928e-7
4.8971585011096375,6.795032876649731e-7
4.902545267351492,6.096196422250566e-7
4.907932033593347,5.46584591611804e-7
4.913318799835202,4.897639984055568e-7
4.918705566077057,4.385785309507506e-7
4.924092332318912,3.924993247431119e-7
4.929479098560767,3.5104394887838786e-7
4.934865864802622,3.1377265902882145e-7
4.940252631044477,2.8028491985687687e-7
4.945639397286332,2.5021618072981755e-7
4.951026163528187,2.23234889708962e-7
4.956412929770042,1.990397300311031e-7
4.961799696011897,1.7735706542981733e-7
4.967186462253752,1.5793858088031243e-7
4.972573228495607,1.4055910504962021e-7
4.977959994737462,1.2501460368297135e-7
4.983346760979317,1.1112033060367565e-7
4.988733527221172,9.870912715675972e-8
4.994120293463027,8.762985778676402e-8
4.999507059704882,7.774597401283279e-8
5.004893825946737,6.893419634418363e-8
5.010280592188592,6.108330530274486e-8
5.015667358430447,5.409303448916658e-8
5.021054124672302,4.787305718512158e-8
5.026440890914157,4.2342059851374625e-8
5.031827657156012,3.742689511782027e-8
5.037214423397867,3.306180936663017e-8
5.042601189639722,2.918773762267124e-8
5.047987955881577,2.5751661004991266e-8
5.053374722123432,2.270602207643524e-8
5.0587614883652865,2.0008192616605136e-8
5.064148254607142,1.761999003646597e-8
5.069535020848996,1.5507238049217165e-8
5.074921787090852,1.363936772552643e-8
5.080308553332706,1.1989056768191286e-8
5.085695319574562,1.053190144123528e-8
5.091082085816416,9.246120508121791e-9
5.096468852058272,8.112286925543444e-9
5.101855618300126,7.1130857245971235e-9
5.107242384541982,6.23309541480932e-9
5.112629150783836,5.458590315865486e-9
5.118015917025692,4.77736262355366e-9
5.123402683267546,4.1785625168322404e-9
5.1287894495094015,3.652553537403236e-9
5.134176215751256,3.1907829503574625e-9
5.1395629819931115,2.785665219329214e-9
5.144949748234966,2.43047734715951e-9
5.150336514476821,2.1192647151058175e-9
5.155723280718676,1.846757212431438e-9
5.161110046960531,1.6082939459372003e-9
5.166496813202386,1.39975499247047e-9
5.171883579444241,1.2175017521931508e-9
5.177270345686096,1.058322797453659e-9
5.182657111927951,9.193855815547991e-10
5.188043878169806,7.981935494505432e-10
5.193430644411661,6.925477934183188e-10
5.198817410653516,6.005127263508658e-10
5.204204176895371,5.203861196123594e-10
5.209590943137226,4.506715695073993e-10
5.214977709379081,3.900547523860709e-10
5.2203644756209355,3.373820875451905e-10
5.225751241862791,2.9164156506444883e-10
5.2311380081046455,2.51946217361132e-10
5.236524774346501,2.1751896117638836e-10
5.241911540588355,1.876798091937637e-10
5.247298306830211,1.6183366105537722e-10
5.252685073072065,1.3946053339930486e-10
5.258071839313921,1.2010595296096938e-10
5.263458605555775,1.0337339317878502e-10
5.268845371797631,8.891681141376395e-11
5.274232138039485,7.643462252016064e-11
5.279618904281341,6.566399160523595e-11
5.285005670523195,5.637618497034147e-11
5.2903924367650506,4.837209452435154e-11
5.295779203006905,4.1478723233900894e-11
5.3011659692487605,3.5545615062471114e-11
5.306552735490615,3.044231533522179e-11
5.31193950173247,2.6055598650875922e-11
5.317326267974325,2.228721374120113e-11
5.32271303421618,1.905198568352695e-11
5.328099800458035,1.6276282405192077e-11
5.33348656669989,1.389643955462816e-11
5.338873332941745,1.1857168025208864e-11
5.3442600991836,1.0110880882541196e-11
5.349646865425455,8.616489466373167e-12
5.35503363166731,7.338383373189927e-12
5.360420397909165,6.246031469814284e-12
5.36580716415102,5.312920242639407e-12
5.371193930392875,4.516449714220272e-12
5.37658069663473,3.837024448172244e-12
5.381967462876585,3.2577378294984527e-12
5.38735422911844,2.7641881839013394e-12
5.3927409953602945,2.344003463550237e-12
5.39812776160215,1.9864665468105613e-12
5.403514527844004,1.6824007464943946e-12
5.40890129408586,1.4239685819372738e-12
5.414288060327714,1.2045676955896312e-12
5.41967482656957,1.0182930887392416e-12
5.425061592811424,8.602528411838506e-13
5.43044835905328,7.263599444140567e-13
5.435835125295134,6.128812735095579e-13
5.44122189153699,5.168261651977701e-13
5.446608657778844,4.355023286439774e-13
5.4519954240207,3.6678646231358414e-13
5.457382190262554,3.0875302314825603e-13
5.4627689565044095,2.5972973771715147e-13
5.468155722746264,2.1830107166387336e-13
5.4735424889881195,1.8340884366807586e-13
5.478929255229974,1.5400181130331703e-13
5.484316021471829,1.2922302117246431e-13
5.489702787713684,1.0835429775646332e-13
5.495089553955539,9.085787677776125e-14
5.500476320197394,7.599476603559197e-14
5.505863086439249,6.365741267444491e-14
5.511249852681104,5.32768273941997e-14
5.516636618922959,4.451994328746878e-14
5.522023385164814,3.7164715749327115e-14
5.527410151406669,3.1058489113888754e-14
5.532796917648524,2.5882074261573962e-14
5.538183683890379,2.1621593404574924e-14
5.543570450132234,1.797173521111972e-14
5.548957216374089,1.5029644195863057e-14
5.5543439826159435,1.2462253451417382e-14
5.559730748857799,1.0394463068053028e-14
5.5651175150996535,8.56259507742152e-15
5.570504281341509,7.16093850883226e-15
5.575891047583363,5.9396931817445875e-15
5.581277813825219,4.9404924595819466e-15
5.586664580067074,4.093947403305265e-15
5.592051346308929,3.4139358007223564e-15
5.597438112550784,2.8449465006019636e-15
5.602824878792639,2.2898349882893854e-15
5.608211645034494,1.942890293094024e-15
5.613598411276349,1.582067810090848e-15
5.618985177518204,1.304512053934559e-15
5.624371943760059,1.0269562977782698e-15
5.629758710001914,8.604228440844963e-16
5.6351454762437685,7.147060721024445e-16
5.640532242485624,5.898059818321144e-16
5.645919008727478,4.787836793695988e-16
5.651305774969334,3.677613769070831e-16
5.656692541211188,3.191891195797325e-16
5.662079307453044,2.498001805406602e-16
5.667466073694898,2.498001805406602e-16
5.672852839936754,1.457167719820518e-16
5.678239606178608,1.6653345369377348e-16
5.683626372420464,1.249000902703301e-16
5.689013138662318,5.898059818321144e-17
5.694399904904174,9.020562075079397e-17
5.699786671146028,5.204170427930421e-17
5.7051734373878835,8.326672684688674e-17
5.710560203629738,2.42861286636753e-17
5.7159469698715935,2.0816681711721685e-17
5.721333736113448,4.5102810375396984e-17
5.726720502355303,1.734723475976807e-17
5.732107268597158,0.0
5.737494034839013,0.0
5.742880801080868,0.0
5.748267567322723,3.469446951953614e-18
5.753654333564578,0.0
5.759041099806433,2.42861286636753e-17
5.764427866048288,3.122502256758253e-17
5.769814632290143,3.469446951953614e-18
5.775201398531998,3.122502256758253e-17
5.780588164773853,0.0
5.785974931015708,1.0408340855860843e-17
5.791361697257563,0.0
5.7967484634994175,0.0
5.802135229741273,0.0
5.8075219959831275,6.938893903907228e-18
5.812908762224983,0.0
5.818295528466837,0.0
5.823682294708693,0.0
5.829069060950547,0.0
5.834455827192403,0.0
5.839842593434257,4.163336342344337e-17
5.845229359676113,0.0
5.850616125917967,0.0
5.856002892159823,0.0
5.861389658401677,0.0
5.8667764246435326,0.0
5.872163190885387,0.0
5.8775499571272425,0.0
5.882936723369097,3.122502256758253e-17
5.888323489610952,0.0
5.893710255852807,3.469446951953614e-18
5.899097022094662,0.0
5.904483788336517,0.0
5.909870554578372,0.0
5.915257320820227,6.938893903907228e-18
5.920644087062082,0.0
5.926030853303937,0.0
5.931417619545792,6.938893903907228e-18
5.936804385787647,0.0
5.942191152029502,2.0816681711721685e-17
5.947577918271357,0.0
5.952964684513212,0.0
5.958351450755067,0.0
5.963738216996922,0.0
5.9691249832387765,0.0
5.974511749480632,0.0
5.979898515722486,3.469446951953614e-18
5.985285281964342,0.0
5.990672048206196,2.0816681711721685e-17
5.996058814448052,0.0
6.001445580689906,0.0
6.006832346931762,0.0
6.012219113173616,1.0408340855860843e-17
6.017605879415472,0.0
6.022992645657326,0.0
6.028379411899182,0.0
6.033766178141036,0.0
6.0391529443828915,0.0
6.044539710624746,0.0
6.0499264768666015,6.938893903907228e-18
6.055313243108456,0.0
6.060700009350311,0.0
6.066086775592166,2.0816681711721685e-17
6.071473541834021,0.0
6.076860308075876,0.0
6.082247074317731,2.0816681711721685e-17
6.087633840559586,0.0
6.093020606801441,0.0
6.098407373043296,0.0
6.103794139285151,1.3877787807814457e-17
6.109180905527006,0.0
6.114567671768861,0.0
6.119954438010716,0.0
6.125341204252571,0.0
6.1307279704944255,0.0
6.136114736736281,0.0
6.1415015029781355,0.0
6.146888269219991,0.0
6.152275035461845,0.0
6.157661801703701,6.938893903907228e-18
6.163048567945555,0.0
6.168435334187411,0.0
6.173822100429265,0.0
6.179208866671121,0.0
6.184595632912976,2.0816681711721685e-17
6.189982399154831,0.0
6.195369165396686,0.0
6.2007559316385406,0.0
6.206142697880396,0.0
6.2115294641222505,0.0
6.216916230364106,0.0
6.22230299660596,2.42861286636753e-17
6.227689762847816,1.0408340855860843e-17
6.23307652908967,6.938893903907228e-18
6.238463295331526,3.469446951953614e-18
6.24385006157338,0.0
6.249236827815236,2.0816681711721685e-17
6.25462359405709,0.0
6.260010360298946,0.0
6.2653971265408,0.0
6.270783892782656,0.0
6.27617065902451,0.0
6.2815574252663655,0.0
6.28694419150822,3.469446951953614e-18
6.2923309577500754,0.0
6.29771772399193,0.0
6.303104490233785,6.938893903907228e-18
6.30849125647564,1.734723475976807e-17
6.313878022717495,0.0
6.31926478895935,0.0
6.324651555201205,0.0
6.33003832144306,1.734723475976807e-17
6.335425087684915,2.7755575615628914e-17
6.34081185392677,0.0
6.346198620168625,0.0
6.35158538641048,0.0
6.356972152652335,2.7755575615628914e-17
6.36235891889419,0.0
6.367745685136045,0.0
6.3731324513778995,0.0
6.378519217619755,0.0
6.3839059838616095,0.0
6.389292750103465,0.0
6.394679516345319,1.3877787807814457e-17
6.400066282587175,0.0
6.405453048829029,1.3877787807814457e-17
6.410839815070885,2.0816681711721685e-17
6.416226581312739,0.0
6.421613347554595,0.0
6.427000113796449,0.0
6.432386880038305,0.0
6.437773646280159,6.938893903907228e-18
6.4431604125220145,6.938893903907228e-18
6.448547178763869,0.0
6.4539339450057245,0.0
6.459320711247579,2.0816681711721685e-17
6.464707477489434,6.938893903907228e-18
6.470094243731289,0.0
6.475481009973144,2.7755575615628914e-17
6.480867776214999,0.0
6.486254542456854,6.938893903907228e-18
6.491641308698709,1.3877787807814457e-17
6.497028074940564,2.0816681711721685e-17
6.502414841182419,1.3877787807814457e-17
6.507801607424274,6.938893903907228e-18
6.513188373666129,0.0
6.518575139907984,2.0816681711721685e-17
6.523961906149839,4.163336342344337e-17
6.529348672391694,4.163336342344337e-17
6.5347354386335486,4.163336342344337e-17
6.540122204875404,1.3877787807814457e-17
6.5455089711172585,0.0
6.550895737359114,0.0
6.556282503600968,0.0
6.561669269842824,0.0
6.567056036084678,2.7755575615628914e-17
6.572442802326534,0.0
6.577829568568388,1.3877787807814457e-17
6.583216334810244,0.0
6.588603101052098,0.0
6.593989867293954,1.3877787807814457e-17
6.599376633535808,0.0
6.604763399777664,1.3877787807814457e-17
6.610150166019518,0.0
6.6155369322613735,0.0
6.620923698503228,0.0
6.6263104647450835,2.7755575615628914e-17
6.631697230986938,1.3877787807814457e-17
6.637083997228793,0.0
6.642470763470648,0.0
6.647857529712503,1.3877787807814457e-17
6.653244295954358,2.7755575615628914e-17
6.658631062196213,0.0
6.664017828438068,0.0
6.669404594679923,0.0
6.674791360921778,0.0
6.680178127163633,2.7755575615628914e-17
6.685564893405488,0.0
6.690951659647343,2.7755575615628914e-17
6.696338425889198,1.3877787807814457e-17
6.701725192131053,4.163336342344337e-17
6.7071119583729075,0.0
6.712498724614763,0.0
6.7178854908566175,0.0
6.723272257098473,0.0
6.728659023340327,4.163336342344337e-17
6.734045789582183,0.0
6.739432555824037,0.0
6.744819322065893,5.551115123125783e-17
6.750206088307747,1.3877787807814457e-17
6.755592854549603,0.0
6.760979620791457,1.3877787807814457e-17
6.766366387033313,0.0
6.771753153275167,4.163336342344337e-17
6.7771399195170225,0.0
6.782526685758877,0.0
6.7879134520007325,4.163336342344337e-17
6.793300218242588,2.7755575615628914e-17
6.798686984484442,0.0
6.804073750726298,0.0
6.809460516968152,1.3877787807814457e-17
6.814847283210008,0.0
6.820234049451862,0.0
6.825620815693718,0.0
6.831007581935572,5.551115123125783e-17
6.836394348177428,0.0
6.841781114419282,0.0
6.847167880661138,4.163336342344337e-17
6.852554646902992,2.7755575615628914e-17
6.8579414131448475,0.0
6.863328179386702,2.7755575615628914e-17
6.8687149456285574,0.0
6.874101711870412,5.551115123125783e-17
6.879488478112267,0.0
6.884875244354122,0.0
6.890262010595977,0.0
6.895648776837832,0.0
6.901035543079687,0.0
6.906422309321542,0.0
6.911809075563397,1.0842021724855044e-17
6.917195841805252,0.0
6.922582608047107,3.426078865054194e-17
6.927969374288962,0.0
6.933356140530817,8.239936510889834e-18
6.938742906772672,2.3852447794681098e-17
6.944129673014527,1.5612511283791264e-17
6.9495164392563815,0.0
6.954903205498237,0.0
6.9602899717400915,0.0
6.965676737981947,0.0
6.971063504223801,4.336808689942018e-19
6.976450270465657,0.0
6.981837036707511,0.0
6.987223802949367,0.0
6.992610569191221,2.211772431870429e-17
6.997997335433077,0.0
7.003384101674931,0.0
7.008770867916787,0.0
7.014157634158641,0.0
7.0195444004004965,2.168404344971009e-19
7.024931166642351,4.336808689942018e-19
7.0303179328842065,0.0
7.035704699126061,0.0
7.041091465367916,0.0
7.046478231609771,0.0
7.051864997851626,0.0
7.057251764093481,0.0
7.062638530335336,0.0
7.068025296577191,0.0
7.073412062819046,5.551115123125783e-17
7.078798829060901,0.0
7.084185595302756,0.0
7.089572361544611,0.0
7.094959127786466,5.551115123125783e-17
7.100345894028321,0.0
7.105732660270176,2.7755575615628914e-17
7.1111194265120306,2.7755575615628914e-17
7.116506192753886,2.7755575615628914e-17
7.1218929589957405,0.0
7.127279725237596,0.0
7.13266649147945,0.0
7.138053257721306,5.551115123125783e-17
7.14344002396316,0.0
7.148826790205016,0.0
7.15421355644687,0.0
7.159600322688726,0.0
7.16498708893058,0.0
7.170373855172436,2.7755575615628914e-17
7.17576062141429,8.326672684688674e-17
7.181147387656146,0.0
7.186534153898,0.0
7.1919209201398555,0.0
7.19730768638171,5.551115123125783e-17
7.2026944526235654,0.0
7.20808121886542,0.0
7.213467985107275,0.0
7.21885475134913,5.551115123125783e-17
7.224241517590985,0.0
7.22962828383284,0.0
7.235015050074695,0.0
7.24040181631655,2.7755575615628914e-17
7.245788582558405,2.7755575615628914e-17
7.25117534880026,0.0
7.256562115042115,0.0
7.26194888128397,2.7755575615628914e-17
7.267335647525825,0.0
7.27272241376768,0.0
7.278109180009535,0.0
7.2834959462513895,0.0
7.288882712493245,2.7755575615628914e-17
7.2942694787350995,2.7755575615628914e-17
7.299656244976955,0.0
7.305043011218809,0.0
7.310429777460665,0.0
7.315816543702519,0.0
7.321203309944375,0.0
7.326590076186229,0.0
7.331976842428085,0.0
7.337363608669939,0.0
7.342750374911795,5.551115123125783e-17
7.348137141153649,0.0
7.3535239073955045,0.0
7.358910673637359,0.0
7.3642974398792145,0.0
7.369684206121069,0.0
7.375070972362924,5.551115123125783e-17
7.380457738604779,2.7755575615628914e-17
7.385844504846634,2.7755575615628914e-17
7.391231271088489,2.7755575615628914e-17
7.396618037330344,0.0
7.4020048035722,1.3877787807814457e-17
7.407391569814054,0.0
7.41277833605591,0.0
7.418165102297764,1.3877787807814457e-17
7.42355186853962,0.0
7.428938634781474,0.0
7.4343254010233295,2.7755575615628914e-17
7.439712167265184,4.163336342344337e-17
7.445098933507039,0.0
7.450485699748894,0.0
7.455872465990749,0.0
7.461259232232604,1.3877787807814457e-17
7.466645998474459,4.163336342344337e-17
7.472032764716314,0.0
7.477419530958169,0.0
7.482806297200024,0.0
7.488193063441879,0.0
7.493579829683734,2.7755575615628914e-17
7.498966595925589,4.163336342344337e-17
7.504353362167444,2.7755575615628914e-17
7.509740128409299,5.551115123125783e-17
7.515126894651154,2.7755575615628914e-17
7.520513660893009,8.326672684688674e-17
7.5259004271348635,4.163336342344337e-17
7.531287193376719,4.163336342344337e-17
7.5366739596185734,5.551115123125783e-17
7.542060725860429,2.7755575615628914e-17
7.547447492102283,0.0
7.552834258344139,4.163336342344337e-17
7.558221024585993,5.551115123125783e-17
7.563607790827849,1.1102230246251565e-16
7.568994557069703,1.3877787807814457e-17
7.574381323311559,2.7755575615628914e-17
7.579768089553413,0.0
7.585154855795269,5.551115123125783e-17
7.590541622037123,2.7755575615628914e-17
7.5959283882789785,1.3877787807814457e-17
7.601315154520833,5.551115123125783e-17
7.6067019207626885,1.3877787807814457e-17
7.612088687004543,6.938893903907228e-17
7.617475453246398,4.163336342344337e-17
7.622862219488253,1.3877787807814457e-17
7.628248985730108,2.7755575615628914e-17
7.633635751971963,8.326672684688674e-17
7.639022518213818,4.163336342344337e-17
7.644409284455673,4.163336342344337e-17
7.649796050697528,0.0
7.655182816939383,2.7755575615628914e-17
7.660569583181238,0.0
7.665956349423093,0.0
7.671343115664948,2.7755575615628914e-17
7.676729881906803,4.163336342344337e-17
7.682116648148658,6.938893903907228e-17
7.6875034143905125,2.7755575615628914e-17
7.692890180632368,4.163336342344337e-17
7.6982769468742225,4.163336342344337e-17
7.703663713116078,2.7755575615628914e-17
7.709050479357932,6.938893903907228e-17
7.714437245599788,8.326672684688674e-17
7.719824011841642,2.7755575615628914e-17
7.725210778083498,5.551115123125783e-17
7.730597544325352,5.551115123125783e-17
7.735984310567208,8.326672684688674e-17
7.741371076809062,1.3877787807814457e-17
7.746757843050918,1.3877787807814457e-17
7.752144609292772,0.0
7.757531375534628,4.163336342344337e-17
7.762918141776482,2.7755575615628914e-17
7.7683049080183375,5.551115123125783e-17
7.773691674260192,1.3877787807814457e-17
7.779078440502047,2.7755575615628914e-17
7.784465206743902,1.1102230246251565e-16
7.789851972985757,2.7755575615628914e-17
7.795238739227612,6.938893903907228e-17
7.800625505469467,0.0
7.806012271711322,5.551115123125783e-17
7.811399037953177,4.163336342344337e-17
7.816785804195032,2.7755575615628914e-17
7.822172570436887,0.0
7.827559336678742,2.7755575615628914e-17
7.832946102920597,2.7755575615628914e-17
7.838332869162452,8.326672684688674e-17
7.843719635404307,8.326672684688674e-17
7.849106401646162,4.163336342344337e-17
7.854493167888017,4.163336342344337e-17
7.8598799341298715,2.7755575615628914e-17
7.865266700371727,6.938893903907228e-17
7.8706534666135815,1.3877787807814457e-17
7.876040232855437,8.326672684688674e-17
7.881426999097291,6.938893903907228e-17
7.886813765339147,8.326672684688674e-17
7.892200531581001,4.163336342344337e-17
7.897587297822857,5.551115123125783e-17
7.902974064064711,4.163336342344337e-17
7.908360830306567,5.551115123125783e-17
7.913747596548421,5.551115123125783e-17
7.919134362790277,6.938893903907228e-17
7.924521129032131,5.551115123125783e-17
7.9299078952739865,6.938893903907228e-17
7.935294661515841,4.163336342344337e-17
7.9406814277576965,2.7755575615628914e-17
7.946068193999551,4.163336342344337e-17
7.951454960241406,1.3877787807814457e-17
7.956841726483261,4.163336342344337e-17
7.962228492725116,8.326672684688674e-17
7.967615258966971,1.3877787807814457e-17
7.973002025208826,1.3877787807814457e-17
7.978388791450681,8.326672684688674e-17
7.983775557692536,5.551115123125783e-17
7.989162323934391,4.163336342344337e-17
7.994549090176246,5.551115123125783e-17
7.999935856418102,4.163336342344337e-17
8.005322622659957,0.0
8.01070938890181,1.3877787807814457e-17
8.016096155143666,5.551115123125783e-17
8.021482921385521,2.7755575615628914e-17
8.026869687627377,4.163336342344337e-17
8.03225645386923,6.938893903907228e-17
8.037643220111086,4.163336342344337e-17
8.043029986352941,2.7755575615628914e-17
8.048416752594797,6.938893903907228e-17
8.05380351883665,5.551115123125783e-17
8.059190285078506,6.938893903907228e-17
8.064577051320361,2.7755575615628914e-17
8.069963817562217,2.0816681711721685e-17
8.07535058380407,4.85722573273506e-17
8.080737350045926,5.551115123125783e-17
8.086124116287781,2.7755575615628914e-17
8.091510882529636,0.0
8.09689764877149,2.7755575615628914e-17
8.102284415013346,2.7755575615628914e-17
8.107671181255201,2.7755575615628914e-17
8.113057947497056,1.3877787807814457e-17
8.11844471373891,2.7755575615628914e-17
8.123831479980765,5.551115123125783e-17
8.12921824622262,4.163336342344337e-17
8.134605012464476,1.3877787807814457e-17
8.13999177870633,4.163336342344337e-17
8.145378544948185,0.0
8.15076531119004,2.7755575615628914e-17
8.156152077431896,5.551115123125783e-17
8.16153884367375,4.163336342344337e-17
8.166925609915605,4.163336342344337e-17
8.17231237615746,5.551115123125783e-17
8.177699142399316,1.3877787807814457e-17
8.18308590864117,4.163336342344337e-17
8.188472674883025,6.938893903907228e-17
8.19385944112488,2.7755575615628914e-17
8.199246207366736,6.938893903907228e-17
8.20463297360859,6.938893903907228e-17
8.210019739850445,2.7755575615628914e-17
8.2154065060923,4.163336342344337e-17
8.220793272334156,8.326672684688674e-17
8.22618003857601,4.163336342344337e-17
8.231566804817865,6.938893903907228e-17
8.23695357105972,2.7755575615628914e-17
8.242340337301576,4.163336342344337e-17
8.24772710354343,1.3877787807814457e-17
8.253113869785285,1.3877787807814457e-17
8.25850063602714,5.551115123125783e-17
8.263887402268995,5.551115123125783e-17
8.269274168510849,2.7755575615628914e-17
8.274660934752704,5.551115123125783e-17
8.28004770099456,2.7755575615628914e-17
8.285434467236415,5.551115123125783e-17
8.290821233478269,8.326672684688674e-17
8.296207999720124,2.7755575615628914e-17
8.30159476596198,8.326672684688674e-17
8.306981532203835,5.551115123125783e-17
8.312368298445689,5.551115123125783e-17
8.317755064687544,2.7755575615628914e-17
8.3231418309294,5.551115123125783e-17
8.328528597171255,2.7755575615628914e-17
8.333915363413109,2.7755575615628914e-17
8.339302129654964,0.0
8.34468889589682,5.551115123125783e-17
8.350075662138675,2.7755575615628914e-17
8.355462428380529,2.7755575615628914e-17
8.360849194622384,5.551115123125783e-17
8.36623596086424,2.7755575615628914e-17
8.371622727106095,1.1102230246251565e-16
8.377009493347948,8.326672684688674e-17
8.382396259589804,8.326672684688674e-17
8.38778302583166,5.551115123125783e-17
8.393169792073515,1.6653345369377348e-16
8.398556558315368,1.3877787807814457e-16
8.403943324557224,1.3877787807814457e-16
8.40933009079908,1.3877787807814457e-16
8.414716857040935,1.3877787807814457e-16
8.420103623282788,1.5265566588595902e-16
8.425490389524644,1.942890293094024e-16
8.430877155766499,2.0816681711721685e-16
8.436263922008354,2.220446049250313e-16
8.441650688250208,3.0531133177191805e-16
8.447037454492063,3.0531133177191805e-16
8.452424220733919,4.163336342344337e-16
8.457810986975774,4.718447854656915e-16
8.463197753217628,6.106226635438361e-16
8.468584519459483,7.216449660063518e-16
8.473971285701339,8.604228440844963e-16
8.479358051943194,9.992007221626409e-16
8.484744818185048,1.2490009027033011e-15
8.490131584426903,1.4432899320127035e-15
8.495518350668759,1.7208456881689926e-15
8.500905116910614,2.1649348980190553e-15
8.506291883152468,2.55351295663786e-15
8.511678649394323,3.0808688933348094e-15
8.517065415636178,3.7192471324942744e-15
8.522452181878034,4.440892098500626e-15
8.527838948119888,5.35682609381638e-15
8.533225714361743,6.467049118441537e-15
8.538612480603598,7.716050021144838e-15
8.543999246845454,9.381384558082573e-15
8.549386013087307,1.1268763699945339e-14
8.554772779329163,1.3433698597964394e-14
8.560159545571018,1.6153745008296028e-14
8.565546311812874,1.9456658506555868e-14
8.570933078054727,2.328692794151266e-14
8.576319844296583,2.7949864644938316e-14
8.581706610538438,3.338995746560158e-14
8.587093376780293,4.0023540037736893e-14
8.592480143022147,4.782285678572862e-14
8.597866909264003,5.723199691942682e-14
8.603253675505858,6.836198274129401e-14
8.608640441747713,8.171241461241152e-14
8.614027207989569,9.753309271332e-14
8.619413974231422,1.1626810625386952e-13
8.624800740473278,1.386113446244508e-13
8.630187506715133,1.652011860642233e-13
8.635574272956989,1.967037643879621e-13
8.640961039198842,2.3400725801536737e-13
8.646347805440698,2.783051566979111e-13
8.651734571682553,3.30818705762681e-13
8.657121337924409,3.92824661687996e-13
8.662508104166262,4.662936703425657e-13
8.667894870408118,5.532796443219468e-13
8.673281636649973,6.559197629485425e-13
8.678668402891828,7.771283616619939e-13
8.684055169133682,9.201528428093297e-13
8.689441935375537,1.0889344981279692e-12
8.694828701617393,1.287747686262719e-12
8.700215467859248,1.5219214777317802e-12
8.705602234101102,1.7977286326242847e-12
8.710989000342957,2.1220802892685242e-12
8.716375766584813,2.5034974093784967e-12
8.721762532826668,2.951500155390363e-12
8.727149299068522,3.477607091184609e-12
8.732536065310377,4.0948633373005805e-12
8.737922831552233,4.818839771658645e-12
8.743309597794088,5.667244451501574e-12
8.748696364035942,6.660894058541089e-12
8.754083130277797,7.82385267683594e-12
8.759469896519652,9.18423670448476e-12
8.764856662761508,1.0774464653806604e-11
8.770243429003362,1.2632284107638725e-11
8.775630195245217,1.4801104786243968e-11
8.781016961487072,1.733174714857455e-11
8.786403727728928,2.028238688112083e-11
8.791790493970781,2.372066432165809e-11
8.797177260212637,2.7724628148817487e-11
8.802564026454492,3.238442847219858e-11
8.807950792696348,3.780392665575505e-11
8.813337558938201,4.4103082297297647e-11
8.818724325180057,5.1419979385514125e-11
8.824111091421912,5.991360185753081e-11
8.829497857663767,6.976713651241084e-11
8.834884623905621,8.119072081314016e-11
8.840271390147477,9.442635562351143e-11
8.845658156389332,1.0975165221083216e-10
8.851044922631187,1.2748530009432102e-10
8.856431688873041,1.4799250713792844e-10
8.861818455114896,1.7169224375557235e-10
8.867205221356752,1.9906384873813465e-10
8.872591987598607,2.3065618859341441e-10
8.87797875384046,2.670969556639591e-10
8.883365520082316,3.091032152457984e-10
8.888752286324172,3.5749436744225704e-10
8.894139052566027,4.132052200400693e-10
8.89952581880788,4.773021700099633e-10
8.904912585049736,5.51000522985845e-10
8.910299351291592,6.356843940125145e-10
8.915686117533447,7.329294116065199e-10
8.9210728837753,8.445271704182744e-10
8.926459650017156,9.725145688754822e-10
8.931846416259011,1.119204812161101e-9
8.937233182500867,1.2872236054839448e-9
8.94261994874272,1.4795492053742976e-9
8.948006714984576,1.6995572171829565e-9
8.953393481226431,1.951071360029033e-9
8.958780247468287,2.238419560818272e-9
8.96416701371014,2.566497236955456e-9
8.969553779951996,2.940837878773195e-9
8.974940546193851,3.367691792099947e-9
8.980327312435707,3.854114138945874e-9
8.98571407867756,4.408062831418036e-9
8.991100844919416,5.038508055221769e-9
8.996487611161271,5.755553755815157e-9
9.001874377403126,6.5705729468401586e-9
9.00726114364498,7.496358506164924e-9
9.012647909886836,8.547289792604218e-9
9.018034676128691,9.73951844174259e-9
9.023421442370546,1.109117381270508e-8
9.0288082086124,1.262259108347763e-8
9.034194974854255,1.4356563410311551e-8
9.03958174109611,1.6318620593702704e-8
9.044968507337966,1.8537338108970403e-8
9.05035527357982,2.104467741737004e-8
9.055742039821675,2.3876361610053465e-8
9.06112880606353,2.707229038168002e-8
9.066515572305386,3.067699558267911e-8
9.07190233854724,3.4740144760903036e-8
9.077289104789095,3.931709283144791e-8
9.08267587103095,4.4469489840492926e-8
9.088062637272806,5.0265947237893016e-8
9.09344940351466,5.678276923659631e-8
9.098836169756515,6.410475456020137e-8
9.10422293599837,7.232607365792454e-8
9.109609702240226,8.155122921404967e-8
9.11499646848208,9.189610583604235e-8
9.120383234723935,1.0348911655411186e-7
9.12577000096579,1.1647245407031548e-7
9.131156767207646,1.3100345430672178e-7
9.1365435334495,1.4725608254995137e-7
9.141930299691355,1.6542255076856804e-7
9.14731706593321,1.8571507520714903e-7
9.152703832175066,2.0836778658051003e-7
9.15809059841692,2.3363880324867026e-7
9.163477364658775,2.6181247869683233e-7
9.16886413090063,2.932018368095868e-7
9.174250897142485,3.281512066521941e-7
9.179637663384339,3.6703907302371164e-7
9.185024429626194,4.1028115360663975e-7
9.19041119586805,4.5833372164238995e-7
9.195797962109905,5.116971870666731e-7
9.201184728351759,5.709199546455324e-7
9.206571494593614,6.366025743775872e-7
9.21195826083547,7.094022036469028e-7
9.217345027077325,7.900373995561871e-7
9.22273179331918,8.792932581491719e-7
9.228118559561034,9.78026923975639e-7
9.23350532580289,1.087173487401838e-6
9.238892092044745,1.2077522907605331e-6
9.2442788582866,1.3408736670716959e-6
9.249665624528454,1.4877461286533222e-6
9.25505239077031,1.6496840319069062e-6
9.260439157012165,1.8281157379562707e-6
9.26582592325402,2.024592292287908e-6
9.271212689495874,2.2407966460968876e-6
9.27659945573773,2.478553441515041e-6
9.281986221979585,2.739839382814857e-6
9.28737298822144,3.0267942171535722e-6
9.292759754463294,3.341732343647985e-6
9.29814652070515,3.6871550752604065e-6
9.303533286947005,4.065763570038072e-6
9.30892005318886,4.480472455381523e-6
9.314306819430714,4.934424158831163e-6
9.31969358567257,5.43100396621643e-6
9.325080351914425,5.973855819851881e-6
9.33046711815628,6.566898871629423e-6
9.335853884398134,7.214344801553807e-6
9.341240650639989,7.92071591149135e-6
9.346627416881844,8.690863999794018e-6
9.3520141831237,9.529990020573642e-6
9.357400949365553,1.0443664528680952e-5
9.362787715607409,1.14378489051159e-5
9.368174481849264,1.2518917358261827e-5
9.37356124809112,1.3693679687898364e-5
9.378948014332973,1.4969404796394414e-5
9.384334780574829,1.6353844926431105e-5
9.389721546816684,1.7855260600163625e-5
9.39510831305854,1.948244622634876e-5
9.400495079300393,2.1244756339022786e-5
9.405881845542249,2.3152132423875926e-5
9.411268611784104,2.5215130281641684e-5
9.41665537802596,2.7444947869881275e-5
9.422042144267813,2.9853453560102494e-5
9.427428910509668,3.245321473527296e-5
9.432815676751524,3.525752664962356e-5
9.43820244299338,3.8280441458815595e-5
9.443589209235233,4.153679732649129e-5
9.448975975477088,4.504224749712904e-5
9.454362741718944,4.881328922362593e-5
9.4597495079608,5.2867292422154044e-5
9.465136274202653,5.7222527922395905e-5
9.470523040444508,6.189819516888573e-5
9.475909806686364,6.691444922218848e-5
9.481296572928219,7.229242689577031e-5
9.486683339170073,7.805427185886282e-5
9.492070105411928,8.422315852396611e-5
9.497456871653783,9.082331452897607e-5
9.502843637895639,9.788004161481734e-5
9.508230404137493,0.00010541973469169186
9.513617170379348,0.00011346989887950354
9.519003936621203,0.00012205916429708363
9.524390702863059,0.00013121729837134444
9.529777469104912,0.00014097521542960623
9.535164235346768,0.00015136498333290227
9.540551001588623,0.00016241982690057277
9.545937767830479,0.00017417412787745779
9.551324534072332,0.00018666342118700552
9.556711300314188,0.00019992438721427863
9.562098066556043,0.0002139948398609537
9.567484832797899,0.00022891371011624084
9.572871599039752,0.00024472102488637404
9.578258365281608,0.0002614578808333712
9.583645131523463,0.00027916641297215383
9.589031897765318,0.00029788975778854976
9.594418664007172,0.0003176720106422004
9.599805430249027,0.0003385581772326618
9.605192196490883,0.00036059411891609106
9.610578962732738,0.00038382649167467697
9.615965728974592,0.00040830267855462843
9.621352495216447,0.00043407071540874087
9.626739261458303,0.0004611792097938827
9.632126027700158,0.0004896772529007221
9.637512793942012,0.0005196143244123874
9.642899560183867,0.0005510401902135142
9.648286326425723,0.0005840047929016601
9.653673092667578,0.000618558135079661
9.659059858909432,0.0006547501554371449
9.664446625151287,0.0006926305976666103
9.669833391393142,0.0007322488722892873
9.675220157634998,0.0007736539115049124
9.680606923876852,0.0008168940172170736
9.685993690118707,0.000862016702422419
9.691380456360562,0.0009090685261975429
9.696767222602418,0.0009580949225513891
9.702153988844271,0.001009140023461863
9.707540755086127,0.0010622464764509232
9.712927521327982,0.0011174552571013296
9.718314287569838,0.001174805476959917
9.723701053811691,0.0012343341873162772
9.729087820053547,0.0012960761793904818
9.734474586295402,0.0013600637815076033
9.739861352537257,0.0014263266538761532
9.745248118779111,0.0014948915816347386
9.750634885020967,0.0015657822668669885
9.756021651262822,0.0016390191203258242
9.761408417504677,0.001714619053646338
9.766795183746531,0.001792595272858688
9.772181949988386,0.001872957074048498
9.777568716230242,0.0019557096420376174
9.782955482472097,0.0020408538529897435
9.78834224871395,0.0021283860818641642
9.793729014955806,0.0022182980156641996
9.799115781197662,0.0023105764734402956
9.804502547439517,0.0024052032340197704
9.809889313681373,0.0025021548724444287
9.815276079923226,0.0026014026060960094
9.820662846165082,0.002702912151491099
9.826049612406937,0.002806643592716984
9.831436378648792,0.0029125512624686156
9.836823144890646,0.0030205836366284933
9.842209911132501,0.0031306832433088128
9.847596677374357,0.0032427865872439177
9.852983443616212,0.0033568240903901203
9.858370209858066,0.003472720049547129
9.863756976099921,0.0035903926117705487
9.869143742341777,0.0037097537682941606
9.874530508583632,0.0038307093676235304
9.879917274825486,0.00395315914840122
9.885304041067341,0.004076996792576448
9.890690807309197,0.004202109999339537
9.896077573551052,0.004328380580207902
9.901464339792906,0.0044556845755645835
9.906851106034761,0.0045838923928695485
9.912237872276616,0.004712868966674416
9.917624638518472,0.0048424739404761274
9.923011404760326,0.0049725618703559404
9.928398171002181,0.005102982450246818
9.933784937244036,0.005233580758576745
9.939171703485892,0.005364197525934644
9.944558469727745,0.005494669423301124
9.9499452359696,0.005624829370286799
9.955332002211456,0.0057545068627197216
9.960718768453312,0.005883528318817388
9.966105534695165,0.006011717443087261
9.97149230093702,0.006138895606992489
9.976879067178876,0.006264882245332504
9.982265833420731,0.006389495267191014
9.987652599662585,0.006512551480216927
9.99303936590444,0.006633867026920315
9.998426132146296,0.006753257831585702
10.003812898388151,0.006870540056330948
10.009199664630005,0.006985530564772413
10.01458643087186,0.007098047391696366
10.019973197113716,0.007207910217079949
10.025359963355571,0.007314940842761047
10.030746729597425,0.007418963670013101
10.03613349583928,0.0075198061762530855
10.041520262081136,0.007617299389084536
10.046907028322991,0.0077112783558661024
10.052293794564845,0.007801582606987295
10.0576805608067,0.007888056611039834
10.063067327048556,0.007970550220081862
10.068454093290411,0.00804891910321709
10.073840859532265,0.008123025166738657
10.07922762577412,0.008192736959130115
10.084614392015975,0.008257930059262064
10.09000115825783,0.008318487446180939
10.095387924499684,0.008374299848954159
10.10077469074154,0.00842526607510699
10.106161456983395,0.008471293316270778
10.11154822322525,0.008512297429749405
10.116934989467104,0.008548203194810589
10.12232175570896,0.00857894454260727
10.127708521950815,0.008604464758746488
10.13309528819267,0.008624716657637282
10.138482054434524,0.00863966272786476
10.14386882067638,0.008649275247967159
10.149255586918235,0.008653536372112303
10.15464235316009,0.008652438185304923
10.160029119401944,0.008645982727884943
10.1654158856438,0.008634181989210829
10.170802651885655,0.008617057870555084
10.17618941812751,0.008594642117373708
10.181576184369364,0.008566976221240502
10.18696295061122,0.008534111291873314
10.192349716853075,0.008496107899801819
10.19773648309493,0.008453035890356647
10.203123249336784,0.008404974169778673
10.20851001557864,0.008352010464365262
10.213896781820495,0.008294241053682594
10.21928354806235,0.008231770478979272
10.224670314304204,0.008164711228037441
10.230057080546059,0.00809318339779079
10.235443846787915,0.008017314336124529
10.24083061302977,0.007937238264352942
10.246217379271624,0.007853095881938887
10.251604145513479,0.007765033955083808
10.256990911755334,0.007673204890868354
10.26237767799719,0.0075777662986718786
10.267764444239043,0.0074788805406319075
10.273151210480899,0.007376714272932933
10.278537976722754,0.007271437979733064
10.28392474296461,0.007163225501542428
10.289311509206463,0.007052253559870672
10.294698275448319,0.006938701279948001
10.300085041690174,0.006822749713309234
10.30547180793203,0.006704581362001902
10.310858574173883,0.006584379706145366
10.316245340415739,0.006462328736524192
10.321632106657594,0.00633861249385112
10.32701887289945,0.006213414616274726
10.332405639141303,0.00608691789664453
10.337792405383158,0.0059593038509751575
10.343179171625014,0.005830752299475588
10.34856593786687,0.005701440961428168
10.353952704108723,0.005571545065115549
10.359339470350578,0.005441236973904619
10.364726236592434,0.005310685829501831
10.37011300283429,0.0051800572132999975
10.375499769076143,0.005049512826634961
10.380886535317998,0.004919210190673741
10.386273301559854,0.004789302366550362
10.391660067801709,0.004659937696267165
10.397046834043563,0.004531259564775014
10.402433600285418,0.0044034061835454275
10.407820366527273,0.0042765103958469775
10.413207132769129,0.0041506995038407685
10.418593899010984,0.004026095117511466
10.423980665252838,0.0039028130253591503
10.429367431494693,0.0037809630866842275
10.434754197736549,0.00366064914521122
10.440140963978404,0.003541968963715565
10.445527730220258,0.0034250141792349156
10.450914496462113,0.003309870278375593
10.456301262703969,0.0031966165921519935
10.461688028945824,0.0030853263097333633
10.467074795187678,0.0029760665104125172
10.472461561429533,0.002868898213056109
10.477848327671389,0.0027638764422483753
10.483235093913244,0.0026610503102945937
10.488621860155098,0.0025604631142162604
10.494008626396953,0.0024621524468338984
10.499395392638808,0.0023661503210100354
10.504782158880664,0.0022724833061019897
10.510168925122517,0.0021811726756578442
10.515555691364373,0.002092234565381844
10.520942457606228,0.002005680140385567
10.526329223848084,0.0019215157707442032
10.531715990089937,0.0018397432143817047
10.537102756331793,0.0017603598063145737
10.542489522573648,0.0016833586533018877
10.547876288815504,0.0016087288329625152
10.553263055057357,0.0015364555964444762
10.558649821299213,0.0014665205737544387
10.564036587541068,0.0013989019808843192
10.569423353782923,0.0013335748279029586
10.574810120024777,0.0012705111272132141
10.580196886266632,0.0012096801012119879
10.585583652508488,0.0011510483886282563
10.590970418750343,0.0010945802488541226
10.596357184992197,0.0010402377636238094
10.601743951234052,0.0009879810354395321
10.607130717475908,0.000937768382185386
10.612517483717763,0.0008895565274141537
10.617904249959617,0.0008433007858357558
10.623291016201472,0.0007989552435813813
10.628677782443328,0.0007564729328597419
10.634064548685183,0.0007158060006666675
10.639451314927037,0.0006769058712508061
10.644838081168892,0.0006397234020823206
10.650224847410747,0.0006042090331110708
10.655611613652603,0.0005703129291408995
10.660998379894457,0.0005379851151852827
10.666385146136312,0.0005071756047082612
10.671771912378167,0.0004778345206873577
10.677158678620023,0.00044991220947223146
10.682545444861876,0.000423359347442101
10.687932211103732,0.0003981270404978948
10.693318977345587,0.0003741669164518263
10.698705743587443,0.0003514312104037423
10.704092509829296,0.00032987284322017266
10.709479276071152,0.00030944549325071305
10.714866042313007,0.00029010366144169644
10.720252808554863,0.00027180273002165925
10.725639574796716,0.0002544990149531065
10.731026341038572,0.00023814981235716765
10.736413107280427,0.00022271343913334019
10.741799873522282,0.00020814926800576117
10.747186639764136,0.00019441775723781987
10.752573406005991,0.00018148047526486688
10.757960172247847,0.00016930012049995447
10.763346938489702,0.0001578405365741352
10.768733704731556,0.00014706672327413628
10.774120470973411,0.00013694484344317637
10.779507237215267,0.00012744222611119765
10.784894003457122,0.00011852736612071729
10.790280769698976,0.00011016992051169489
10.795667535940831,0.00010234070192817121
10.801054302182687,9.501166930427421e-5
10.806441068424542,8.815591608394083e-5
10.811827834666396,8.174765622413066e-5
10.817214600908251,7.57622082248055e-5
10.822601367150106,7.017597742461218e-5
10.827988133391962,6.496643679261213e-5
10.833374899633816,6.011210644236986e-5
10.838761665875671,5.559253208614265e-5
10.844148432117526,5.138826263937149e-5
10.849535198359382,4.748082718098595e-5
10.854921964601235,4.385271146442604e-5
10.86030873084309,4.048733417089459e-5
10.865695497084946,3.736902308591056e-5
10.871082263326802,3.4482991375647115e-5
10.876469029568655,3.181531413306432e-5
10.88185579581051,2.9352905354666087e-5
10.887242562052366,2.708349550747252e-5
10.892629328294221,2.499560983517876e-5
10.898016094536075,2.3078547551732415e-5
10.90340286077793,2.1322362061395456e-5
10.908789627019786,1.9717842344894182e-5
10.914176393261641,1.825649564250742e-5
10.919563159503495,1.693053156604299e-5
10.92494992574535,1.573284776524783e-5
10.930336691987206,1.4657017274582324e-5
10.935723458229061,1.3697277663361068e-5
10.941110224470915,1.2848522110895516e-5
10.94649699071277,1.2106292528273749e-5
10.951883756954626,1.1466774848766653e-5
10.957270523196481,1.0926796607382133e-5
10.962657289438335,1.0483826933239265e-5
10.96804405568019,1.013597907908656e-5
10.973430821922046,9.88201561336749e-6
10.978817588163901,9.721356404521209e-6
10.984204354405755,9.654089527567217e-6
10.98959112064761,9.68098522894506e-6
10.994977886889465,9.803513087540405e-6
11.00036465313132,1.002386251361398e-5
11.005751419373174,1.0344966732394462e-5
11.01113818561503,1.0770530403783618e-5
11.016524951856885,1.130506103286244e-5
