x,y
0.09231569814995699,9.996514451104943e-6
0.09417061486787046,9.956444425529565e-6
0.09602553158578392,9.93546787808608e-6
0.0978804483036974,9.933530735029006e-6
0.09973536502161086,9.950606395747741e-6
0.10159028173952432,9.98669566620869e-6
0.10344519845743778,1.0041826715601054e-5
0.10530011517535126,1.0116055058684292e-5
0.10715503189326472,1.020946356145025e-5
0.10900994861117819,1.0322162472098384e-5
0.11086486532909165,1.0454289475714251e-5
0.11271978204700511,1.0606009773483915e-5
0.11457469876491859,1.0777516185833669e-5
0.11642961548283205,1.0969029280383236e-5
0.11828453220074552,1.1180797522658548e-5
0.12013944891865898,1.141309745283925e-5
0.12199436563657245,1.1666233884100041e-5
0.12384928235448592,1.1940540127652888e-5
0.12570419907239938,1.2236378239494083e-5
0.12755911579031284,1.2554139291853783e-5
0.1294140325082263,1.2894243669236971e-5
0.13126894922613977,1.3257141387224003e-5
0.13312386594405323,1.3643312435918098e-5
0.13497878266196672,1.4053267147096093e-5
0.13683369937988019,1.4487546584451838e-5
0.13868861609779365,1.494672295870858e-5
0.1405435328157071,1.5431400066101553e-5
0.14239844953362057,1.594221375023075e-5
0.14425336625153404,1.6479832388061055e-5
0.1461082829694475,1.7044957400069727e-5
0.14796319968736096,1.7638323783153442e-5
0.14981811640527443,1.8260700668182306e-5
0.15167303312318792,1.8912891900240564e-5
0.15352794984110138,1.9595736644331327e-5
0.15538286655901484,2.0310110012787888e-5
0.1572377832769283,2.1056923717121222e-5
0.15909269999484177,2.183712674454913e-5
0.16094761671275523,2.2651706056173865e-5
0.1628025334306687,2.3501687310720915e-5
0.16465745014858216,2.4388135610648766e-5
0.16651236686649565,2.5312156272013983e-5
0.1683672835844091,2.6274895618501846e-5
0.17022220030232257,2.727754179838223e-5
0.17207711702023604,2.8321325624931087e-5
0.1739320337381495,2.940752144067662e-5
0.17578695045606296,3.0537448005050344e-5
0.17764186717397643,3.1712469404250425e-5
0.1794967838918899,3.293399598650829e-5
0.18135170060980335,3.4203485318343683e-5
0.18320661732771684,3.5522443165627096e-5
0.1850615340456303,3.6892424496530116e-5
0.18691645076354377,3.83150345083837e-5
0.18877136748145723,3.979192967677129e-5
0.1906262841993707,4.132481882778132e-5
0.19248120091728416,4.291546423259435e-5
0.19433611763519762,4.4565682725205245e-5
0.19619103435311108,4.627734684163002e-5
0.19804595107102455,4.8052385982570375e-5
0.19990086778893804,4.989278759721244e-5
0.2017557845068515,5.1800598388772844e-5
0.20361070122476496,5.377792554401347e-5
0.20546561794267842,5.582693798080775e-5
0.2073205346605919,5.7949867620435414e-5
0.20917545137850535,6.014901067922119e-5
0.2110303680964188,6.242672898102222e-5
0.21288528481433228,6.478545129151927e-5
0.21474020153224574,6.72276746725188e-5
0.21659511825015923,6.975596585552177e-5
0.2184500349680727,7.237296263675613e-5
0.22030495168598616,7.508137529045958e-5
0.22215986840389962,7.788398800188598e-5
0.22401478512181308,8.07836603193713e-5
0.22586970183972654,8.378332862499227e-5
0.22772461855764,8.688600762320198e-5
0.22957953527555347,9.009479184648832e-5
0.23143445199346693,9.341285718082563e-5
0.23328936871138042,9.684346240437271e-5
0.2351442854292939,0.00010038995074672374
0.23699920214720735,0.00010405575146075347
0.2388541188651208,0.0001078443814119031
0.24070903558303428,0.00011175944668170672
0.24256395230094774,0.00011580464418662825
0.2444188690188612,0.00011998376330963484
0.24627378573677466,0.00012430068754573816
0.24812870245468813,0.000128759396160201
0.24998361917260162,0.00013336396585920778
0.2518385358905151,0.00013811857247091573
0.2536934526084285,0.00014302749263885375
0.255548369326342,0.0001480951055239134
0.2574032860442555,0.00015332589451626417
0.25925820276216893,0.00015872444895692096
0.2611131194800824,0.00016429546586473574
0.26296803619799586,0.0001700437516736781
0.26482295291590935,0.0001759742239731011
0.2666778696338228,0.00018209191325613966
0.2685327863517363,0.00018840196467079587
0.2703877030696497,0.00019490963977581745
0.2722426197875632,0.0002016203182984653
0.2740975365054767,0.0002085394998953636
0.2759524532233901,0.00021567280591224675
0.2778073699413036,0.0002230259811457705
0.27966228665921705,0.00023060489560248164
0.28151720337713054,0.00023841554625608254
0.283372120095044,0.00024646405880238836
0.28522703681295747,0.0002547566894082788
0.2870819535308709,0.0002632998264564656
0.2889368702487844,0.0002720999922829967
0.2907917869666979,0.00028116384490797786
0.2926467036846113,0.00029049817975568444
0.2945016204025248,0.0003001099313662721
0.29635653712043825,0.0003100061750949054
0.29821145383835174,0.00032019412879932645
0.30006637055626517,0.000330681154512338
0.30192128727417866,0.0003414747600998455
0.3037762039920921,0.00035258260090299635
0.3056311207100056,0.00036401248136059064
0.3074860374279191,0.000375772356614415
0.3093409541458325,0.0003878703340928335
0.311195870863746,0.00040031467507214286
0.31305078758165944,0.0004131137962160563
0.31490570429957293,0.00042627627108831473
0.31676062101748637,0.00043981083164066487
0.31861553773539986,0.00045372636967273665
0.3204704544533133,0.0004680319382618821
0.3223253711712268,0.0004827367531634527
0.3241802878891403,0.0004978501941783654
0.3260352046070537,0.0005133818064867769
0.3278901213249672,0.0005293413019465572
0.32974503804288063,0.0005457385603557276
0.3315999547607941,0.0005625836306750419
0.33345487147870756,0.0005798867322124035
0.33530978819662105,0.0005976582557642128
0.3371647049145345,0.0006159087647148974
0.339019621632448,0.0006346489960911451
0.34087453835036147,0.0006538898615700839
0.3427294550682749,0.0006736424484399331
0.3445843717861884,0.0006939180205107094
0.3464392885041018,0.0007147280189745975
0.3482942052220153,0.0007360840632136371
0.35014912193992875,0.0007579979515528606
0.35200403865784224,0.0007804816619582967
0.3538589553757557,0.0008035473526778088
0.35571387209366917,0.0008272073628222236
0.35756878881158266,0.0008514742128872196
0.3594237055294961,0.0008763606052126921
0.3612786222474096,0.0009018794243789117
0.363133538965323,0.0009280437375376212
0.3649884556832365,0.0009548667946768299
0.36684337240114995,0.0009823620288180457
0.36869828911906344,0.001010543056143183
0.3705532058369769,0.0010394236760516394
0.37240812255489036,0.0010690178711454355
0.37426303927280385,0.001099339807138982
0.3761179559907173,0.001130403832696445
0.3779728727086308,0.0011622244791908813
0.3798277894265442,0.0011948164603863588
0.3816827061444577,0.0012281946720419969
0.38353762286237114,0.001262374191435059
0.38539253958028463,0.0012973702768028228
0.38724745629819807,0.00133319836670261
0.38910237301611156,0.00136987407928809
0.39095728973402505,0.0014074132115007923
0.3928122064519385,0.001445831738176022
0.394667123169852,0.0014851458110622592
0.3965220398877654,0.0015253717577532987
0.3983769566056789,0.0015665260805313858
0.40023187332359234,0.0016086254551218246
0.4020867900415058,0.0016516867293566058
0.40394170675941926,0.001695726921748221
0.40579662347733275,0.0017407632199717901
0.40765154019524624,0.001786812979254638
0.4095064569131597,0.0018338937206743879
0.41136137363107317,0.001882023129362656
0.4132162903489866,0.0019312190526169677
0.4150712070669001,0.001981499497917056
0.41692612378481353,0.002032882630848616
0.418781040502727,0.002085386772932081
0.42063595722064046,0.0021390303993574465
0.42249087393855395,0.002193832136623809
0.42434579065646744,0.0022498107600851906
0.42620070737438087,0.0023069851914030125
0.42805562409229436,0.002365374495901268
0.4299105408102078,0.0024249978798317716
0.4317654575281213,0.0024858746875430805
0.4336203742460347,0.0025480243985573324
0.4354752909639482,0.002611466624554571
0.43733020768186165,0.002676221106264559
0.43918512439977514,0.0027423077102684303
0.44104004111768863,0.002809746425707839
0.44289495783560207,0.0028785573609064474
0.44474987455351556,0.0029487607399019365
0.446604791271429,0.0030203768988897525
0.4484597079893425,0.00309342628258134
0.4503146247072559,0.0031679294404769655
0.4521695414251694,0.003243907023054075
0.4540244581430829,0.0033213797778729546
0.45587937486099633,0.003400368545603074
0.4577342915789098,0.0034808942559683125
0.45958920829682326,0.003562977923615337
0.46144412501473675,0.0036466406439061346
0.4632990417326502,0.0037319035886367088
0.4651539584505637,0.003818788001684035
0.4670088751684771,0.003907315194582699
0.4688637918863906,0.003997506542035272
0.4707187086043041,0.004089383477356122
0.4725736253222175,0.00418296748785273
0.474428542040131,0.004278280110148443
0.47628345875804445,0.00437534292544467
0.47813837547595794,0.004474177554730483
0.4799932921938714,0.004574805653939267
0.48184820891178487,0.004677248909055631
0.4837031256296983,0.004781529031177284
0.4855580423476118,0.004887667751532694
0.4874129590655253,0.004995686816458416
0.4892678757834387,0.005105607982341697
0.4911227925013522,0.005217453010527737
0.49297770921926565,0.005331243662197567
0.49483262593717914,0.005447001693220394
0.4966875426550926,0.005564748848981782
0.49854245937300606,0.005684506859194216
0.5003973760909195,0.005806297432691817
0.502252292808833,0.005930142252212995
0.5041072095267465,0.006056062969177413
0.50596212624466,0.006184081198457342
0.5078170429625734,0.00631421851315166
0.5096719596804868,0.00644649643936341
0.5115268763984003,0.006580936450987347
0.5133817931163138,0.006717559964509422
0.5152367098342272,0.006856388333825918
0.5170916265521407,0.006997442845083489
0.5189465432700542,0.007140744711545849
0.5208014599879677,0.007286315068491499
0.5226563767058812,0.007434174968148183
0.5245112934237945,0.007584345374665959
0.526366210141708,0.007736847159137132
0.5282211268596215,0.007891701094663715
0.530076043577535,0.00804892785148125
0.5319309602954484,0.008208547992140386
0.5337858770133619,0.00837058196675335
0.5356407937312754,0.008535050108307685
0.5374957104491889,0.008701972628055676
0.5393506271671024,0.008871369610979887
0.5412055438850157,0.009043261011343576
0.5430604606029292,0.009217666648328186
0.5449153773208427,0.009394606201764348
0.5467702940387562,0.009574099207959609
0.5486252107566696,0.009756165055630638
0.5504801274745831,0.009940822981940167
0.5523350441924966,0.010128092068648821
0.5541899609104101,0.01031799123838146
0.5560448776283236,0.010510539251017028
0.5578997943462369,0.010705754700203712
0.5597547110641504,0.010903656010005605
0.5616096277820639,0.011104261431684272
0.5634645444999774,0.011307589040621884
0.5653194612178908,0.011513656733387955
0.5671743779358043,0.011722482224954997
0.5690292946537178,0.0119340830460691
0.5708842113716313,0.012148476540776875
0.5727391280895447,0.012365679864115157
0.5745940448074581,0.012585709979966764
0.5764489615253716,0.012808583659086718
0.5783038782432851,0.01303431747730232
0.5801587949611986,0.0132629278138913
0.582013711679112,0.01349443085014236
0.5838686283970255,0.013728842568099798
0.585723545114939,0.013966178749499507
0.5875784618328525,0.014206454974894148
0.5894333785507659,0.0144496866229771
0.5912882952686793,0.01469588887010298
0.5931432119865928,0.014945076690010582
0.5949981287045063,0.015197264853751448
0.5968530454224198,0.01545246792982406
0.5987079621403332,0.015710700284519392
0.6005628788582467,0.01597197608247766
0.6024177955761602,0.0162363092874607
0.6042727122940736,0.016503713663340032
0.6061276290119871,0.016774202775303736
0.6079825457299005,0.017047789991283622
0.609837462447814,0.01732448848360423
0.6116923791657275,0.017604311230854153
0.613547295883641,0.0178872710199826
0.6154022126015544,0.01817338044862088
0.6172571293194679,0.01846265192762884
0.6191120460373813,0.018755097683869272
0.6209669627552948,0.019050729763207763
0.6228218794732083,0.01934956003374075
0.6246767961911217,0.01965160018924987
0.6265317129090352,0.019956861752881753
0.6283866296269487,0.02026535608105639
0.6302415463448622,0.020577094367598317
0.6320964630627756,0.02089208764809368
0.633951379780689,0.021210346804469427
0.6358062964986025,0.02153188256979547
0.637661213216516,0.021856705533304925
0.6395161299344295,0.022184826145634037
0.6413710466523429,0.022516254724277887
0.6432259633702564,0.02285100145925848
0.6450808800881699,0.023189076419005715
0.6469357968060834,0.023530489556443955
0.6487907135239968,0.023875250715285963
0.6506456302419102,0.024223369636526854
0.6525005469598237,0.024574855965136738
0.6543554636777372,0.02492971925694669
0.6562103803956507,0.025287968985726262
0.6580652971135641,0.025649614550444955
0.6599202138314776,0.02601466528271587
0.6617751305493911,0.02638313045441561
0.6636300472673046,0.02675501928547481
0.665484963985218,0.027130340951835225
0.6673398807031314,0.027509104593566737
0.6691947974210449,0.02789131932313887
0.6710497141389584,0.02827699423384187
0.6729046308568719,0.02866613840834832
0.6747595475747853,0.029058760927412157
0.6766144642926988,0.029454870878695708
0.6784693810106123,0.02985447736572009
0.6803242977285258,0.030257589516928644
0.6821792144464391,0.030664216494860185
0.6840341311643526,0.031074367505421262
0.6858890478822661,0.03148805180724963
0.6877439646001796,0.03190527872116428
0.6895988813180931,0.03232605763968941
0.6914537980360065,0.03275039803664668
0.69330871475392,0.033178309476807194
0.6951636314718335,0.03360980162559274
0.697018548189747,0.03404488425881894
0.6988734649076603,0.034483567272470136
0.7007283816255738,0.03492586069249748
0.7025832983434873,0.035371774684630916
0.7044382150614008,0.035821319564194064
0.7062931317793143,0.03627450580591364
0.7081480484972277,0.036731344053713484
0.7100029652151412,0.03719184513048211
0.7118578819330547,0.03765602004780524
0.7137127986509681,0.03812388001565126
0.7155677153688815,0.03859543645200049
0.717422632086795,0.03907070099240827
0.7192775488047085,0.03954968549948883
0.721132465522622,0.040032402072313046
0.7229873822405355,0.04051886305570605
0.7248422989584489,0.041009081049435556
0.7266972156763624,0.04150306891728019
0.7285521323942759,0.04200083979596652
0.7304070491121893,0.04250240710396364
0.7322619658301027,0.04300778455012565
0.7341168825480162,0.04351698614216891
0.7359717992659297,0.0440300261949761
0.7378267159838432,0.04454691933871361
0.7396816327017567,0.045067680526752266
0.7415365494196701,0.04559232504338148
0.7433914661375836,0.046120868511304765
0.745246382855497,0.04665332689890547
0.7471012995734105,0.047189716527274564
0.7489562162913239,0.04773005407698635
0.7508111330092374,0.04827435659461443
0.7526660497271509,0.04882264149897629
0.7545209664450644,0.04937492658709559
0.7563758831629779,0.04993123003987329
0.7582307998808913,0.05049157042745671
0.7600857165988048,0.051055966714296075
0.7619406333167182,0.05162443826388051
0.7637955500346317,0.052197004843141465
0.7656504667525451,0.052773686626516325
0.7675053834704586,0.05335450419966124
0.7693603001883721,0.05393947856280508
0.7712152169062856,0.05452863113373539
0.7730701336241991,0.0551219837504072
0.7749250503421125,0.05571955867316733
0.7767799670600259,0.056321378586584814
0.7786348837779394,0.05692746660088037
0.7804898004958529,0.05753784625294596
0.7823447172137663,0.05815254150694968
0.7841996339316798,0.05877157675451533
0.7860545506495933,0.05939497681447217
0.7879094673675068,0.060022766932168514
0.7897643840854203,0.06065497277834048
0.7916193008033336,0.0612916204475331
0.7934742175212471,0.06193273645606612
0.7953291342391606,0.06257834773953976
0.7971840509570741,0.06322848164987521
0.7990389676749875,0.06388316595188628
0.800893884392901,0.06454242881937759
0.8027488011108145,0.06520629883076391
0.804603717828728,0.06587480496421008
0.8064586345466415,0.06654797659228608
0.8083135512645548,0.06722584347613553
0.8101684679824683,0.06790843575915506
0.8120233847003818,0.06859578396018334
0.8138783014182953,0.06928791896619696
0.8157332181362088,0.06998487202451396
0.8175881348541222,0.07068667473450208
0.8194430515720357,0.0713933590387943
0.8212979682899492,0.07210495721400888
0.8231528850078627,0.07282150186097734
0.825007801725776,0.07354302589447925
0.8268627184436895,0.07426956253248726
0.828717635161603,0.07500114528492287
0.8305725518795165,0.07573780794192558
0.83242746859743,0.07647958456163997
0.8342823853153434,0.07722650945752159
0.8361373020332569,0.07797861718516681
0.8379922187511704,0.07873594252867153
0.8398471354690838,0.0794985204865212
0.8417020521869972,0.08026638625702037
0.8435569689049107,0.08103957522326419
0.8454118856228242,0.08181812293766026
0.8472668023407377,0.08260206510600641
0.8491217190586512,0.08339143757113159
0.8509766357765646,0.08418627629610673
0.8528315524944781,0.08498661734703411
0.8546864692123916,0.08579249687542366
0.856541385930305,0.08660395110016333
0.8583963026482184,0.08742101628909543
0.8602512193661319,0.08824372874020557
0.8621061360840454,0.08907212476243655
0.8639610528019589,0.08990624065613582
0.8658159695198724,0.0907461126931488
0.8676708862377858,0.09159177709656866
0.8695258029556993,0.0924432700201532
0.8713807196736127,0.09330062752742327
0.8732356363915262,0.09416388557045267
0.8750905531094396,0.09503307996836324
0.8769454698273531,0.09590824638553869
0.8788003865452666,0.09678942030957054
0.8806553032631801,0.09767663702894869
0.8825102199810936,0.09856993161051303
0.884365136699007,0.09946933887667819
0.8862200534169205,0.1003748933824482
0.8880749701348339,0.10128662939223478
0.8899298868527474,0.10220458085649513
0.8917848035706608,0.10312878138820562
0.8936397202885743,0.10405926423918542
0.8954946370064878,0.10499606227628813
0.8973495537244013,0.1059392079574767
0.8992044704423148,0.10688873330779904
0.9010593871602282,0.10784466989527956
0.9029143038781416,0.10880704880674638
0.9047692205960551,0.1097759006236078
0.9066241373139686,0.11075125539759975
0.908479054031882,0.11173314262651715
0.9103339707497955,0.11272159122994976
0.912188887467709,0.11371662952504077
0.9140438041856225,0.11471828520228222
0.915898720903536,0.11572658530136987
0.9177536376214493,0.1167415561871325
0.9196085543393628,0.11776322352555428
0.9214634710572763,0.1187916122599088
0.9233183877751898,0.11982674658702262
0.9251733044931032,0.12086864993368662
0.9270282212110167,0.1219173449332324
0.9288831379289302,0.12297285340229282
0.9307380546468437,0.12403519631776434
0.9325929713647572,0.1251043937939889
0.9344478880826705,0.12618046506017283
0.936302804800584,0.12726342843806152
0.9381577215184975,0.12835330131988656
0.940012638236411,0.1294501001466035
0.9418675549543244,0.1305538403864361
0.9437224716722379,0.13166453651374724
0.9455773883901514,0.13278220198824864
0.9474323051080649,0.13390684923457152
0.9492872218259784,0.13503848962221096
0.9511421385438917,0.13617713344586047
0.9529970552618052,0.13732278990615548
0.9548519719797187,0.13847546709083758
0.9567068886976322,0.13963517195635863
0.9585618054155456,0.14080191030993675
0.9604167221334591,0.14197568679208086
0.9622716388513726,0.14315650485959802
0.9641265555692861,0.14434436676909612
0.9659814722871995,0.1455392735609982
0.9678363890051129,0.14674122504407855
0.9696913057230264,0.14795021978053652
0.9715462224409399,0.14916625507161868
0.9734011391588534,0.15038932694380105
0.9752560558767668,0.15161943013554519
0.9771109725946803,0.15285655808463594
0.9789658893125938,0.15410070291611577
0.9808208060305073,0.15535185543082042
0.9826757227484207,0.156610005094532
0.9845306394663341,0.15787514002775213
0.9863855561842476,0.1591472469961087
0.9882404729021611,0.16042631140140223
0.9900953896200746,0.16171231727329946
0.991950306337988,0.16300524726168172
0.9938052230559015,0.16430508262965415
0.995660139773815,0.16561180324722166
0.9975150564917284,0.16692538758563769
0.9993699732096419,0.1682458127124291
1.0012248899275553,0.1695730542871033
1.003079806645469,0.1709070865575388
1.0049347233633823,0.1722478823570647
1.0067896400812957,0.17359541310222923
1.0086445567992093,0.17494964879126088
1.0104994735171227,0.17631055800322248
1.012354390235036,0.1776781078978582
1.0142093069529496,0.1790522642161348
1.016064223670863,0.18043299128147527
1.0179191403887766,0.18182025200168492
1.01977405710669,0.18321400787156542
1.0216289738246034,0.18461421897621805
1.023483890542517,0.18602084399502972
1.0253388072604304,0.18743384020633982
1.027193723978344,0.188853163492783
1.0290486406962573,0.1902787683473033
1.0309035574141707,0.19171060787983396
1.0327584741320843,0.19314863382463562
1.0346133908499977,0.19459279654828976
1.0364683075679113,0.19604304505833509
1.0383232242858247,0.19749932701254347
1.040178141003738,0.1989615887288249
1.0420330577216517,0.20042977519575197
1.043887974439565,0.20190383008369667
1.0457428911574786,0.20338369575656726
1.047597807875392,0.20486931328413557
1.0494527245933054,0.2063606224549444
1.051307641311219,0.20785756178978204
1.0531625580291324,0.20936006855571254
1.0550174747470458,0.2108680787806501
1.0568723914649594,0.21238152726846302
1.0587273081828728,0.2139003476145948
1.0605822249007864,0.2154244722221894
1.0624371416186997,0.2169538323187031
1.0642920583366131,0.2184883579729937
1.0661469750545267,0.22002797811286626
1.06800189177244,0.22157262054306448
1.0698568084903537,0.2231222119636902
1.071711725208267,0.22467667798903335
1.0735666419261805,0.22623594316680082
1.075421558644094,0.2277999309977211
1.0772764753620074,0.22936856395551405
1.079131392079921,0.23094176350720436
1.0809863087978344,0.2325194501337629
1.0828412255157478,0.23410154335105907
1.0846961422336614,0.2356879617311043
1.0865510589515748,0.2372786229235718
1.0884059756694882,0.2388734436775704
1.0902608923874018,0.24047233986365968
1.0921158091053151,0.24207522649608162
1.0939707258232287,0.24368201775519652
1.0958256425411421,0.2452926270101003
1.0976805592590555,0.24690696684140773
1.099535475976969,0.24852494906418038
1.1013903926948825,0.2501464847509831
1.103245309412796,0.25177148425505
1.1051002261307095,0.25339985723353947
1.1069551428486228,0.25503151267086405
1.1088100595665364,0.2566663589020724
1.1106649762844498,0.25830430363626855
1.1125198930023634,0.25994525398004914
1.1143748097202768,0.26158911646094
1.1162297264381902,0.2632357970508169
1.1180846431561038,0.26488520118928993
1.1199395598740172,0.26653723380703753
1.1217944765919305,0.26819179934907006
1.1236493933098441,0.26984880179790877
1.1255043100277575,0.271508144696662
1.1273592267456711,0.2731697311719839
1.1292141434635845,0.274833463956899
1.1310690601814979,0.2764992454134768
1.1329239768994115,0.27816697755534253
1.1347788936173249,0.27983656207000873
1.1366338103352385,0.2815079003410133
1.1384887270531518,0.2831808934698492
1.1403436437710652,0.28485544229767507
1.1421985604889788,0.28653144742679043
1.1440534772068922,0.28820880924186504
1.1459083939248058,0.2898874279309095
1.1477633106427192,0.29156720350597587
1.1496182273606326,0.2932480358235769
1.1514731440785462,0.2949298246048125
1.1533280607964596,0.29661246945519576
1.155182977514373,0.298295869884166
1.1570378942322865,0.2999799253242812
1.1588928109502,0.3016645351500829
1.1607477276681135,0.3033495986966215
1.162602644386027,0.3050350152776393
1.1644575611039403,0.30672068420340165
1.1663124778218539,0.30840650479817017
1.1681673945397673,0.3100923764173137
1.1700223112576809,0.3117781984640512
1.1718772279755942,0.3134638704058212
1.1737321446935076,0.31514929179027573
1.1755870614114212,0.3168343622608948
1.1774419781293346,0.31851898157221764
1.1792968948472482,0.3202030496046902
1.1811518115651616,0.32188646637912693
1.183006728283075,0.32356913207078464
1.1848616450009886,0.3252509470230506
1.186716561718902,0.3269318117607434
1.1885714784368153,0.328611627003027
1.190426395154729,0.3302902936759415
1.1922813118726423,0.33196771292454996
1.194136228590556,0.33364378612470624
1.1959911453084693,0.3353184148944457
1.1978460620263827,0.33699150110500137
1.1997009787442963,0.3386629468914532
1.2015558954622096,0.3403326546630105
1.2034108121801232,0.3420005271129367
1.2052657288980366,0.3436664672281198
1.20712064561595,0.3453303782982953
1.2089755623338636,0.3469921639249297
1.210830479051777,0.3486517280297683
1.2126853957696906,0.35030897486305823
1.214540312487604,0.3519638090114538
1.2163952292055173,0.3536161354056111
1.218250145923431,0.3552658593274818
1.2201050626413443,0.3569128864173169
1.2219599793592577,0.3585571226803856
1.2238148960771713,0.36019847449342435
1.2256698127950847,0.3618368486108223
1.2275247295129983,0.36347215217055595
1.2293796462309117,0.36510429269988254
1.231234562948825,0.36673317812080414
1.2330894796667387,0.3683587167553127
1.234944396384652,0.369980817330429
1.2367993131025656,0.37159938898304556
1.238654229820479,0.3732143412645875
1.2405091465383924,0.3748255841455005
1.242364063256306,0.37643302801958145
1.2442189799742194,0.3780365837081615
1.246073896692133,0.37963616246415494
1.2479288134100464,0.3812316759759869
1.2497837301279597,0.38282303637141174
1.2516386468458733,0.384410156221234
1.2534935635637867,0.3859929485429466
1.2553484802817,0.38757132680429707
1.2572033969996137,0.3891452049267944
1.259058313717527,0.39071449728917096
1.2609132304354407,0.39227911873080834
1.262768147153354,0.3938389845551439
1.2646230638712674,0.39539401053306567
1.266477980589181,0.3969441129063114
1.2683328973070944,0.39848920839088164
1.270187814025008,0.4000292141804781
1.2720427307429214,0.40156404794998135
1.2738976474608348,0.4030936278589762
1.2757525641787484,0.4046178725553375
1.2776074808966618,0.40613670117888706
1.2794623976145754,0.4076500333651317
1.2813173143324887,0.40915778924909263
1.2831722310504021,0.41065988946923726
1.2850271477683157,0.41215625517152094
1.286882064486229,0.4136468080135504
1.2887369812041425,0.41513147016887536
1.290591897922056,0.41661016433141906
1.2924468146399695,0.4180828137200542
1.294301731357883,0.4195493420833331
1.2961566480757964,0.42100967370437886
1.2980115647937098,0.42246373340594545
1.2998664815116234,0.42391144655565133
1.3017213982295368,0.42535273907139537
1.3035763149474504,0.42678753742695863
1.3054312316653638,0.42821576865779765
1.3072861483832772,0.42963736036703554
1.3091410651011908,0.43105224073165255
1.3109959818191042,0.43246033850888227
1.3128508985370178,0.4338615830428161
1.3147058152549311,0.4352559042712179
1.3165607319728445,0.436643232732553
1.3184156486907581,0.43802349957323233
1.3202705654086715,0.439396636555073
1.3221254821265849,0.44076257606297725
1.3239803988444985,0.44212125111282985
1.3258353155624119,0.4434725953596135
1.3276902322803255,0.44481654310574203
1.3295451489982388,0.4461530293096119
1.3314000657161522,0.4474819895943674
1.3332549824340658,0.44880336025688145
1.3351098991519792,0.45011707827694664
1.3369648158698928,0.45142308132667597
1.3388197325878062,0.4527213077801088
1.3406746493057196,0.45401169672301794
1.3425295660236332,0.4552941879629165
1.3443844827415465,0.4565687220392558
1.3462393994594601,0.45783524023381433
1.3480943161773735,0.45909368458126726
1.349949232895287,0.46034399787993596
1.3518041496132005,0.4615861237027074
1.3536590663311139,0.4628200064081197
1.3555139830490273,0.46404559115160554
1.3573688997669409,0.4652628238968869
1.3592238164848542,0.466471651427514
1.3610787332027678,0.4676720213585408
1.3629336499206812,0.4688638821483275
1.3647885666385946,0.4700471831104645
1.3666434833565082,0.47122187442580676
1.3684984000744216,0.472387907154611
1.3703533167923352,0.4735452332487673
1.3722082335102486,0.4746938055641138
1.374063150228162,0.4758335778728276
1.3759180669460755,0.47696450487588105
1.377772983663989,0.4780865422155529
1.3796279003819025,0.47919964648798596
1.381482817099816,0.48030377525578055
1.3833377338177293,0.48139888706061307
1.3851926505356429,0.4824849414358708
1.3870475672535563,0.48356189891929163
1.3889024839714696,0.48462972106559843
1.3907574006893832,0.4856883704591174
1.3926123174072966,0.4867378107263717
1.3944672341252102,0.48777800654863784
1.3963221508431236,0.48880892367445483
1.398177067561037,0.48983052893207735
1.4000319842789506,0.4908427902418606
1.401886900996864,0.4918456766285669
1.4037418177147776,0.49283915823358554
1.405596734432691,0.493823206327053
1.4074516511506043,0.4947977933198664
1.409306567868518,0.4957628927755774
1.4111614845864313,0.4967184794221594
1.413016401304345,0.4976645291636365
1.4148713180222583,0.49860101909156573
1.4167262347401717,0.4995279274963628
1.4185811514580853,0.5004452338784623
1.4204360681759987,0.501352918959304
1.422290984893912,0.5022509646921351
1.4241459016118256,0.5031393542726215
1.426000818329739,0.5040180721492584
1.4278557350476526,0.5048871040335737
1.429710651765566,0.505746436910114
1.4315655684834794,0.5065960590462082
1.433420485201393,0.5074359600014997
1.4352754019193064,0.5082661306372397
1.43713031863722,0.5090865631253373
1.4389852353551333,0.509897250957156
1.4408401520730467,0.5106981889520537
1.4426950687909603,0.5114893732656581
1.4445499855088737,0.5122708013978731
1.4464049022267873,0.5130424722006081
1.4482598189447007,0.5138043858852293
1.450114735662614,0.5145565440297237
1.4519696523805277,0.515298949585574
1.453824569098441,0.5160316068843374
1.4556794858163544,0.5167545216439281
1.457534402534268,0.5174677009745954
1.4593893192521814,0.5181711533845959
1.461244235970095,0.5188648887855563
1.4630991526880084,0.519548918497524
1.4649540694059218,0.5202232552537017
1.4668089861238354,0.520887913204864
1.4686639028417487,0.5215429079234539
1.4705188195596623,0.5221882564073561
1.4723737362775757,0.5228239770833466
1.474228652995489,0.5234500898102162
1.4760835697134027,0.5240666158815658
1.477938486431316,0.5246735780282725
1.4797934031492297,0.5252710004206282
1.481648319867143,0.5258589086701441
1.4835032365850565,0.5264373298310261
1.48535815330297,0.5270062924013171
1.4872130700208834,0.5275658263237073
1.4890679867387968,0.5281159629860113
1.4909229034567104,0.5286567352213125
1.4927778201746238,0.5291881773077752
1.4946327368925374,0.5297103249681231
1.4964876536104508,0.5302232153687858
1.4983425703283642,0.5307268871187127
1.5001974870462778,0.5312213802678554
1.5020524037641911,0.5317067363053176
1.5039073204821047,0.5321829981571753
1.5057622372000181,0.5326502101839656
1.5076171539179315,0.5331084181778456
1.509472070635845,0.5335576693594214
1.5113269873537585,0.5339980123742493
1.513181904071672,0.534429497289007
1.5150368207895855,0.5348521755873393
1.5168917375074988,0.5352661001653728
1.5187466542254124,0.5356713253269072
1.5206015709433258,0.5360679067782785
1.5224564876612394,0.5364559016228955
1.5243114043791528,0.5368353683554509
1.5261663210970662,0.5372063668558069
1.5280212378149798,0.537568958382555
1.5298761545328932,0.5379232055662498
1.5317310712508065,0.538269172402317
1.5335859879687201,0.5386069242436357
1.5354409046866335,0.5389365277927948
1.5372958214045471,0.5392580510940219
1.5391507381224605,0.539571563524785
1.5410056548403739,0.5398771357870662
1.5428605715582875,0.5401748398983072
1.5447154882762009,0.5404647491820237
1.5465704049941145,0.5407469382580893
1.5484253217120278,0.5410214830326874
1.5502802384299412,0.5412884606879279
1.5521351551478548,0.5415479496711311
1.5539900718657682,0.5418000296837716
1.5558449885836818,0.5420447816700846
1.5576999053015952,0.542282287805331
1.5595548220195086,0.5425126314837191
1.5614097387374222,0.5427358973059797
1.5632646554553356,0.5429521710665951
1.565119572173249,0.5431615397406747
1.5669744888911625,0.5433640914704795
1.568829405609076,0.5435599155515876
1.5706843223269895,0.5437491024187021
1.572539239044903,0.5439317436310959
1.5743941557628163,0.5441079318576894
1.5762490724807299,0.5442777608617604
1.5781039891986433,0.5444413254852803
1.5799589059165569,0.544598721632874
1.5818138226344702,0.5447500462554006
1.5836687393523836,0.544895397333149
1.5855236560702972,0.5450348738586478
1.5873785727882106,0.5451685758190832
1.5892334895061242,0.5452966041783213
1.5910884062240376,0.5454190608585332
1.592943322941951,0.545536048721416
1.5947982396598646,0.5456476715490083
1.596653156377778,0.5457540340240944
1.5985080730956913,0.5458552417101962
1.600362989813605,0.5459514010311458
1.6022179065315183,0.5460426192502383
1.604072823249432,0.546129004448958
1.6059277399673453,0.546210665505278
1.6077826566852587,0.5462877120715274
1.6096375734031723,0.5463602545518244
1.6114924901210856,0.5464284040790707
1.6133474068389992,0.5464922724915066
1.6152023235569126,0.5465519723088224
1.617057240274826,0.5466076167078234
1.6189121569927396,0.5466593194976485
1.620767073710653,0.5467071950945379
1.6226219904285666,0.5467513584961508
1.62447690714648,0.5467919252554279
1.6263318238643933,0.5468290114540021
1.628186740582307,0.546862733675154
1.6300416573002203,0.5468932089763108
1.6318965740181337,0.5469205548610916
1.6337514907360473,0.546944889250897
1.6356064074539607,0.5469663304560444
1.6374613241718743,0.5469849971464497
1.6393162408897877,0.5470010083218566
1.641171157607701,0.5470144832816187
1.6430260743256146,0.5470255415940303
1.644880991043528,0.5470343030652146
1.6467359077614416,0.5470408877075716
1.648590824479355,0.5470454157077858
1.6504457411972684,0.5470480073944021
1.652300657915182,0.547048783204975
1.6541555746330954,0.5470478636527913
1.656010491351009,0.547045369293179
1.6578654080689224,0.5470414206894048
1.6597203247868357,0.5470361383781669
1.6615752415047493,0.5470296428346952
1.6634301582226627,0.547022054437461
1.665285074940576,0.5470134934325104
1.6671399916584897,0.5470040798974273
1.668994908376403,0.5469939337049382
1.6708498250943167,0.54698317448617
1.67270474181223,0.5469719215935668
1.6745596585301434,0.5469602940634886
1.676414575248057,0.5469484105784905
1.6782694919659704,0.5469363894293092
1.680124408683884,0.5469243484765598
1.6819793254017974,0.5469124051121652
1.6838342421197108,0.5469006762205281
1.6856891588376244,0.5468892781394653
1.6875440755555378,0.5468783266209168
1.6893989922734514,0.5468679367914518
1.6912539089913647,0.5468582231125831
1.6931088257092781,0.5468492993409146
1.6949637424271917,0.5468412784881359
1.696818659145105,0.5468342727808863
1.6986735758630185,0.5468283936205072
1.700528492580932,0.5468237515427052
1.7023834092988455,0.5468204561771446
1.704238326016759,0.5468186162069928
1.7060932427346724,0.5468183393284423
1.7079481594525858,0.5468197322102296
1.7098030761704994,0.5468229004531772
1.7116579928884128,0.5468279485497792
1.7135129096063264,0.5468349798438611
1.7153678263242398,0.5468440964903305
1.7172227430421532,0.5468553994150526
1.7190776597600668,0.5468689882748703
1.7209325764779801,0.5468849614177986
1.7227874931958937,0.5469034158434185
1.7246424099138071,0.5469244471634985
1.7264973266317205,0.5469481495628694
1.728352243349634,0.5469746157605839
1.7302071600675475,0.5470039369713843
1.7320620767854609,0.5470362028675109
1.7339169935033745,0.5470715015408772
1.7357719102212879,0.5471099194656422
1.7376268269392015,0.5471515414612074
1.7394817436571148,0.5471964506556699
1.7413366603750282,0.5472447284497587
1.7431915770929418,0.5472964544812866
1.7450464938108552,0.547351706590143
1.7469014105287688,0.5474105607838625
1.7487563272466822,0.5474730912037944
1.7506112439645956,0.5475393700919066
1.7524661606825092,0.5476094677582493
1.7543210774004225,0.547683452549113
1.7561759941183361,0.5477613908159064
1.7580309108362495,0.5478433468847851
1.759885827554163,0.5479293830270606
1.7617407442720765,0.5480195594304171
1.7635956609899899,0.5481139341709673
1.7654505777079033,0.5482125631861727
1.7673054944258169,0.5483155002486589
1.7691604111437302,0.5484227969409528
1.7710153278616438,0.5485345026311688
1.7728702445795572,0.5486506644496727
1.7747251612974706,0.548771327266746
1.7765800780153842,0.5488965336712832
1.7784349947332976,0.549026323950541
1.7802899114512112,0.5491607360709677
1.7821448281691246,0.5492998056601395
1.783999744887038,0.5494435659898221
1.7858546616049515,0.5495920479601857
1.787709578322865,0.5497452800851941
1.7895644950407785,0.5499032884791888
1.791419411758692,0.5500660968446923
1.7932743284766053,0.5502337264614479
1.7951292451945189,0.5504061961767165
1.7969841619124323,0.55058352239685
1.7988390786303456,0.5507657190801598
1.8006939953482592,0.5509527977310936
1.8025489120661726,0.5511447673957428
1.8044038287840862,0.551341634658689
1.8062587455019996,0.55154340364121
1.808113662219913,0.5517500760008531
1.8099685789378266,0.5519616509323921
1.81182349565574,0.5521781251701784
1.8136784123736536,0.5523994929918921
1.815533329091567,0.5526257462237089
1.8173882458094803,0.5528568742468862
1.819243162527394,0.5530928640057755
1.8210980792453073,0.553333700017269
1.822952995963221,0.5535793643816831
1.8248079126811343,0.5538298367950812
1.8266628293990477,0.5540850945630419
1.8285177461169613,0.5543451126158683
1.8303726628348747,0.5546098635252421
1.832227579552788,0.5548793175223197
1.8340824962707016,0.555153442517266
1.835937412988615,0.5554322041202244
1.8377923297065286,0.5557155656637162
1.839647246424442,0.5560034882264625
1.8415021631423554,0.556295930658622
1.843357079860269,0.5565928496084342
1.8452119965781824,0.5568941995502593
1.847066913296096,0.5571999328139996
1.8489218300140093,0.5575099996158948
1.8507767467319227,0.5578243480906709
1.8526316634498363,0.5581429243250322
1.8544865801677497,0.5584656723924751
1.8563414968856633,0.5587925343894101
1.8581964136035767,0.5591234504725677
1.86005133032149,0.5594583588976714
1.8619062470394037,0.5597971960593536
1.863761163757317,0.5601398965322927
1.8656160804752304,0.5604863931135436
1.867470997193144,0.560836616866042
1.8693259139110574,0.5611904971632488
1.871180830628971,0.5615479617349102
1.8730357473468844,0.5619089367139053
1.8748906640647978,0.5622733466841462
1.8767455807827114,0.5626411147295044
1.8786004975006247,0.563012162483726
1.8804554142185383,0.5633864101813054
1.8823103309364517,0.5637637767092809
1.884165247654365,0.5641441796599155
1.8860201643722787,0.5645275353842285
1.887875081090192,0.5649137590463373
1.8897299978081057,0.5653027646785722
1.891584914526019,0.5656944652373225
1.8934398312439324,0.5660887726595754
1.895294747961846,0.5664855979201041
1.8971496646797594,0.5668848510892635
1.8990045813976728,0.5672864413913502
1.9008594981155864,0.5676902772634823
1.9027144148334998,0.5680962664149539
1.9045693315514134,0.5685043158870194
1.9064242482693268,0.5689143321130617
1.9082791649872402,0.5693262209790965
1.9101340817051538,0.5697398878845656
1.9119889984230671,0.5701552378033711
1.9138439151409807,0.5705721753451041
1.9156988318588941,0.570990604816414
1.9175537485768075,0.5714104302824755
1.919408665294721,0.5718315556284996
1.9212635820126345,0.5722538846212374
1.923118498730548,0.5726773209704313
1.9249734154484615,0.5731017683901579
1.9268283321663748,0.5735271306600167
1.9286832488842884,0.5739533116861086
1.9305381656022018,0.5743802155617574
1.9323930823201152,0.5748077466279226
1.9342479990380288,0.5752358095332497
1.9361029157559422,0.5756643092937115
1.9379578324738558,0.5760931513517855
1.9398127491917692,0.5765222416351204
1.9416676659096825,0.5769514866146366
1.9435225826275961,0.577380793362017
1.9453774993455095,0.5778100696065314
1.9472324160634231,0.5782392237911498
1.9490873327813365,0.578668165127893
1.9509422494992499,0.5790968036523717
1.9527971662171635,0.5795250502774703
1.9546520829350769,0.5799528168461184
1.9565069996529905,0.5803800161831137
1.9583619163709038,0.5808065621459432
1.9602168330888172,0.5812323696745569
1.9620717498067308,0.5816573548400535
1.9639266665246442,0.5820814348922297
1.9657815832425576,0.5825045283059502
1.9676364999604712,0.5829265548262995
1.9694914166783846,0.5833474355124681
1.9713463333962982,0.5837670927803381
1.9732012501142115,0.5841854504437246
1.975056166832125,0.5846024337542369
1.9769110835500385,0.585017969439719
1.978766000267952,0.5854319857412379
1.9806209169858655,0.5858444124485793
1.982475833703779,0.5862551809342201
1.9843307504216923,0.5866642241857435
1.9861856671396059,0.5870714768366658
1.9880405838575193,0.5874768751956457
1.9898955005754329,0.5878803572740452
1.9917504172933462,0.5882818628118159
1.9936053340112596,0.5886813333016865
1.9954602507291732,0.589078712011623
1.9973151674470866,0.589473944005543
1.9991700841650002,0.5898669761622597
2.0010250008829136,0.5902577571926361
2.002879917600827,0.5906462376549321
2.0047348343187403,0.5910323699683275
2.006589751036654,0.5914161084246039
2.0084446677545675,0.5917974091979741
2.010299584472481,0.5921762303530471
2.0121545011903943,0.5925525318509155
2.0140094179083077,0.5929262755533611
2.0158643346262215,0.5932974252251679
2.017719251344135,0.5936659465345409
2.0195741680620483,0.5940318070516222
2.0214290847799616,0.5943949762451097
2.023284001497875,0.5947554254769722
2.0251389182157884,0.5951131279952644
2.026993834933702,0.5954680589250481
2.0288487516516156,0.5958201952574214
2.030703668369529,0.596169515836664
2.0325585850874424,0.5965160013455079
2.0344135018053557,0.5968596342885429
2.0362684185232696,0.5972003989737713
2.038123335241183,0.5975382814923218
2.0399782519590963,0.5978732696963437
2.0418331686770097,0.598205353175093
2.043688085394923,0.5985345232292341
2.045543002112837,0.5988607728433754
2.0473979188307503,0.5991840966568616
2.0492528355486637,0.5995044909328489
2.051107752266577,0.599821953525684
2.0529626689844904,0.6001364838466208
2.0548175857024042,0.6004480828278977
2.0566725024203176,0.6007567528852107
2.058527419138231,0.6010624978786107
2.0603823358561444,0.601365323071861
2.0622372525740578,0.6016652350902905
2.0640921692919716,0.6019622418771762
2.065947086009885,0.6022563526486968
2.0678020027277983,0.602547577847493
2.0696569194457117,0.6028359290948783
2.071511836163625,0.6031214191417422
2.073366752881539,0.6034040618181867
2.0752216695994523,0.6036838719819427
2.0770765863173657,0.6039608654656131
2.078931503035279,0.6042350590227874
2.0807864197531925,0.6045064702730764
2.0826413364711063,0.604775117646119
2.0844962531890197,0.6050410203246073
2.086351169906933,0.6053041981863844
2.0882060866248464,0.6055646717456664
2.09006100334276,0.605822462093441
2.091915920060673,0.606077590837098
2.093770836778587,0.6063300800393451
2.0956257534965004,0.6065799521564664
2.0974806702144138,0.6068272299759797
2.099335586932327,0.6070719365537474
2.1011905036502405,0.6073140951506008
2.1030454203681543,0.6075537291685374
2.1049003370860677,0.6077908620865453
2.106755253803981,0.6080255173961181
2.1086101705218945,0.608257718536519
2.110465087239808,0.6084874888298518
2.1123200039577217,0.608714851416002
2.114174920675635,0.6089398291875062
2.1160298373935484,0.6091624447244125
2.117884754111462,0.60938272022919
2.119739670829375,0.6096006774617513
2.121594587547289,0.609816337674646
2.1234495042652024,0.610029721548488
2.125304420983116,0.6102408491276776
2.127159337701029,0.6104497397564759
2.1290142544189425,0.6106564120154959
2.1308691711368564,0.6108608836586684
2.1327240878547697,0.6110631715507421
2.134579004572683,0.6112632916053775
2.1364339212905965,0.6114612587238969
2.13828883800851,0.6116570867347423
2.1401437547264237,0.6118507883337075
2.141998671444337,0.6120423750249936
2.1438535881622505,0.6122318570631528
2.145708504880164,0.6124192433959693
2.1475634215980772,0.6126045416083392
2.149418338315991,0.6127877578671982
2.1512732550339044,0.6129688968675571
2.153128171751818,0.6131479617796909
2.154983088469731,0.613324954197542
2.1568380051876446,0.6134998740883808
2.158692921905558,0.6136727197437782
2.1605478386234718,0.6138434877319386
2.162402755341385,0.6140121728514399
2.1642576720592985,0.614178768086429
2.166112588777212,0.6143432645633176
2.1679675054951253,0.614505651509021
2.169822422213039,0.6146659162107881
2.1716773389309525,0.6148240439776586
2.173532255648866,0.6149800181035912
2.1753871723667793,0.615133819832302
2.1772420890846926,0.6152854283238492
2.1790970058026065,0.6154348206230038
2.18095192252052,0.6155819716294345
2.182806839238433,0.615726854069749
2.1846617559563466,0.6158694384714172
2.18651667267426,0.6160096931386081
2.188371589392174,0.6161475841299704
2.190226506110087,0.6162830752383837
2.1920814228280006,0.6164161279727027
2.193936339545914,0.6165467015415248
2.1957912562638273,0.6166747528389961
2.197646172981741,0.6168002364326807
2.1995010896996545,0.6169231045535117
2.201356006417568,0.6170433070878397
2.2032109231354813,0.6171607915715949
2.2050658398533947,0.6172755031865764
2.2069207565713085,0.6173873847588812
2.208775673289222,0.6174963767594819
2.2106305900071352,0.617602417306962
2.2124855067250486,0.6177054421724154
2.214340423442962,0.6178053847865157
2.216195340160876,0.6179021762487569
2.218050256878789,0.6179957453388659
2.2199051735967026,0.6180860185303917
2.221760090314616,0.6181729200064591
2.2236150070325293,0.618256371677694
2.2254699237504427,0.6183362932023061
2.2273248404683565,0.6184126020083236
2.22917975718627,0.6184852133179728
2.2310346739041833,0.618554040174187
2.2328895906220967,0.6186189934692369
2.23474450734001,0.618679981975462
2.236599424057924,0.6187369123780915
2.2384543407758373,0.6187896893101323
2.2403092574937506,0.6188382153893082
2.242164174211664,0.6188823912570244
2.2440190909295774,0.6189221156193385
2.2458740076474912,0.6189572852899081
2.2477289243654046,0.618987795234893
2.249583841083318,0.6190135386197795
2.2514387578012314,0.6190344068581015
2.2532936745191448,0.6190502896620226
2.2551485912370586,0.6190610750947486
2.257003507954972,0.6190666496247361
2.2588584246728853,0.6190668981816595
2.2607133413907987,0.6190617042141002
2.262568258108712,0.6190509497489198
2.264423174826626,0.6190345154522741
2.2662780915445393,0.6190122806922292
2.2681330082624527,0.6189841236029356
2.269987924980366,0.6189499211503152
2.2718428416982794,0.6189095491992151
2.2736977584161933,0.6188628825819855
2.2755526751341066,0.6188097951684252
2.27740759185202,0.6187501599370557
2.2792625085699334,0.6186838490476645
2.281117425287847,0.6186107339150712
2.2829723420057606,0.618530685284062
2.284827258723674,0.618443573305439
2.2866821754415874,0.6183492676131311
2.2885370921595007,0.6182476374023075
2.290392008877414,0.6181385515084418
2.2922469255953275,0.6180218784872646
2.2941018423132413,0.6178974866955529
2.2959567590311547,0.6177652443726884
2.297811675749068,0.617625019722934
2.2996665924669815,0.6174766809983623
2.301521509184895,0.6173200965823783
2.3033764259028087,0.617155135073772
2.305231342620722,0.6169816653712415
2.3070862593386354,0.6167995567583237
2.308941176056549,0.6166086789886651
2.310796092774462,0.6164089023715781
2.312651009492376,0.6162000978578086
2.3145059262102894,0.6159821371254599
2.3163608429282028,0.6157548926660021
2.318215759646116,0.6155182378703067
2.3200706763640295,0.6152720471146373
2.3219255930819434,0.6150161958465385
2.3237805097998567,0.6147505606705485
2.32563542651777,0.614475019433679
2.3274903432356835,0.6141894513105951
2.329345259953597,0.6138937368884262
2.3312001766715107,0.6135877582511489
2.333055093389424,0.6132713990634746
2.3349100101073375,0.6129445446541778
2.336764926825251,0.6126070820988025
2.338619843543164,0.6122589003016803
2.340474760261078,0.6118998900771994
2.3423296769789914,0.6115299442302611
2.344184593696905,0.6111489576358623
2.346039510414818,0.610756827317738
2.3478944271327316,0.6103534525260088
2.3497493438506454,0.6099387348137698
2.3516042605685588,0.609512578112557
2.353459177286472,0.6090748888066416
2.3553140940043855,0.6086255758060827
2.357169010722299,0.6081645506184891
2.3590239274402123,0.6076917274194298
2.360878844158126,0.607207023121437
2.3627337608760395,0.6067103574415477
2.364588677593953,0.6062016529673303
2.3664435943118662,0.6056808352213421
2.3682985110297796,0.6051478327239656
2.3701534277476934,0.6046025770545755
2.372008344465607,0.6040450029109828
2.37386326118352,0.603475048167111
2.3757181779014336,0.6028926539288547
2.377573094619347,0.6022977645880776
2.379428011337261,0.6016903278747016
2.381282928055174,0.6010702949068468
2.3831378447730875,0.6004376202389805
2.384992761491001,0.5997922619080301
2.3868476782089143,0.5991341814774298
2.388702594926828,0.5984633440790534
2.3905575116447415,0.5977797184530053
2.392412428362655,0.5970832769852308
2.3942673450805683,0.5963739957429148
2.3961222617984816,0.5956518545076367
2.3979771785163955,0.5949168368062515
2.399832095234309,0.5941689299394716
2.4016870119522222,0.5934081250081199
2.4035419286701356,0.5926344169370314
2.405396845388049,0.5918478044965805
2.407251762105963,0.5910482903218117
2.409106678823876,0.5902358809291571
2.4109615955417896,0.5894105867307187
2.412816512259703,0.5885724220461052
2.4146714289776163,0.5877214051118052
2.41652634569553,0.5868575580880863
2.4183812624134435,0.585980907063411
2.420236179131357,0.5850914820563594
2.4220910958492703,0.5841893170150527
2.4239460125671837,0.5832744498140743
2.425800929285097,0.5823469222488834
2.427655846003011,0.5814067800277231
2.4295107627209243,0.5804540727610213
2.4313656794388376,0.579488853948292
2.433220596156751,0.5785111809625343
2.4350755128746644,0.5775211150321449
2.436930429592578,0.5765187212203474
2.4387853463104916,0.5755040684021487
2.440640263028405,0.5744772292388388
2.4424951797463184,0.5734382801500454
2.4443500964642317,0.5723873012833617
2.4462050131821456,0.5713243764815628
2.448059929900059,0.5702495932474342
2.4499148466179723,0.5691630427062323
2.4517697633358857,0.5680648195658011
2.453624680053799,0.5669550220743709
2.455479596771713,0.5658337519760652
2.4573345134896263,0.5647011144641482
2.4591894302075397,0.5635572181320397
2.461044346925453,0.5624021749221333
2.4628992636433664,0.5612361000724497
2.4647541803612802,0.5600591120611644
2.4666090970791936,0.5588713325490452
2.468464013797107,0.5576728863198372
2.4703189305150204,0.5564639012186432
2.4721738472329338,0.5552445080883325
2.4740287639508476,0.5540148407040314
2.475883680668761,0.552775035705733
2.4777385973866743,0.5515252325290813
2.4795935141045877,0.5502655733343703
2.481448430822501,0.5489962029338153
2.483303347540415,0.5477172687171424
2.4851582642583283,0.5464289205755505
2.4870131809762417,0.5451313108241023
2.488868097694155,0.5438245941225949
2.4907230144120684,0.5425089273949708
2.4925779311299823,0.5411844697473228
2.4944328478478957,0.5398513823845558
2.496287764565809,0.5385098285257607
2.4981426812837224,0.5371599733183645
2.499997598001636,0.535801983751118
2.501852514719549,0.5344360285659804
2.503707431437463,0.5330622781689692
2.5055623481553764,0.5316809045400357
2.5074172648732898,0.5302920811420337
2.509272181591203,0.5288959828288448
2.5111270983091165,0.5274927857527292
2.5129820150270303,0.5260826672709679
2.5148369317449437,0.5246658058518622
2.516691848462857,0.5232423809801635
2.5185467651807705,0.5218125730619938
2.520401681898684,0.5203765633293357
2.5222565986165977,0.5189345337441512
2.524111515334511,0.5174866669022076
2.5259664320524244,0.5160331459366729
2.527821348770338,0.5145741544215552
2.529676265488251,0.5131098762750543
2.531531182206165,0.511640495662896
2.5333860989240784,0.5101661969017167
2.535241015641992,0.508687164362573
2.537095932359905,0.5072035823746408
2.5389508490778185,0.5057156351291767
2.5408057657957324,0.5042235065838095
2.5426606825136457,0.502727380367232
2.544515599231559,0.5012274396843596
2.5463705159494725,0.4997238672220254
2.548225432667386,0.4982168450552809
2.5500803493852997,0.4967065545543651
2.551935266103213,0.49519317629241266
2.5537901828211265,0.4936768899539649
2.55564509953904,0.49215787424435026
2.5575000162569532,0.49063630679999637
2.559354932974867,0.4891123640997397
2.5612098496927804,0.4875862213771945
2.563064766410694,0.4860580525342423
2.564919683128607,0.48452803005570466
2.5667745998465206,0.48299632492525646
2.568629516564434,0.4814631065426404
2.5704844332823478,0.47992854264224044
2.572339350000261,0.478392799213069
2.5741942667181745,0.47685604042022556
2.576049183436088,0.4753184285278782
2.5779041001540013,0.4737801238238227
2.579759016871915,0.4722412845456703
2.5816139335898285,0.470702066808713
2.583468850307742,0.46916262453551705
2.5853237670256553,0.46762310938728857
2.5871786837435686,0.4660836706970618
2.5890336004614825,0.46454445540474815
2.590888517179396,0.4630056079940947
2.592743433897309,0.46146727043158686
2.5945983506152226,0.4599295821073408
2.596453267333136,0.45839267977801845
2.59830818405105,0.4568566975118028
2.600163100768963,0.4553217666354685
2.6020180174868766,0.45378801568357907
2.60387293420479,0.4522555703498414
2.6057278509227033,0.45072455344064755
2.607582767640617,0.44919508483083015
2.6094376843585305,0.4476672814216565
2.611292601076444,0.4461412571010853
2.6131475177943573,0.44461712270630727
2.6150024345122707,0.4430949859885899
2.6168573512301845,0.44157495158044263
2.618712267948098,0.44005712096512073
2.6205671846660112,0.4385415924484793
2.6224221013839246,0.437028461133191
2.624277018101838,0.4355178188953376
2.626131934819752,0.43400975436338257
2.627986851537665,0.43250435289953226
2.6298417682555786,0.43100169658348897
2.631696684973492,0.4295018641985979
2.6335516016914053,0.4280049312203912
2.6354065184093187,0.4265109698075235
2.6372614351272325,0.4250200487950994
2.639116351845146,0.4235322336903853
2.6409712685630593,0.42204758667089837
2.6428261852809727,0.4205661665848666
2.644681101998886,0.4190880289540445
2.6465360187168,0.4176132259788747
2.6483909354347133,0.41614180654598093
2.6502458521526266,0.4146738162379737
2.65210076887054,0.4132092973455534
2.6539556855884534,0.41174828888188747
2.6558106023063672,0.41029082659924354
2.6576655190242806,0.40883694300785206
2.659520435742194,0.4073866673969745
2.6613753524601074,0.4059400258581504
2.6632302691780207,0.40449704131059383
2.6650851858959346,0.40305773352871055
2.666940102613848,0.4016221191717029
2.6687950193317613,0.4001902118152292
2.6706499360496747,0.3987620219850834
2.672504852767588,0.39733755719285924
2.674359769485502,0.39591682197355904
2.6762146862034153,0.39449981792511046
2.6780696029213287,0.39308654374974916
2.679924519639242,0.39167699529722616
2.6817794363571554,0.3902711656097966
2.6836343530750693,0.3888690449689449
2.6854892697929826,0.3874706209438027
2.687344186510896,0.3860758784412099
2.6891991032288094,0.3846847997573739
2.6910540199467228,0.38329736463107583
2.6929089366646366,0.38191355029837487
2.69476385338255,0.38053333154876057
2.6966187701004634,0.3791566807826988
2.6984736868183767,0.3777835680705218
2.70032860353629,0.3764139612126061
2.7021835202542035,0.3750478258007849
2.7040384369721173,0.37368512528094144
2.7058933536900307,0.3723258210167245
2.707748270407944,0.3709698723543322
2.7096031871258575,0.3696172366883063
2.711458103843771,0.36826786952827945
2.7133130205616847,0.36692172456661704
2.715167937279598,0.36557875374689686
2.7170228539975114,0.3642389073331661
2.718877770715425,0.36290213397991694
2.720732687433338,0.3615683808027224
2.722587604151252,0.3602375934494728
2.7244425208691654,0.3589097161721509
2.7262974375870788,0.3575846918990899
2.728152354304992,0.3562624623076508
2.7300072710229055,0.3549429678972611
2.7318621877408193,0.35362614806275455
2.7337171044587327,0.352311941167953
2.735572021176646,0.35100028461942895
2.7374269378945595,0.34969111494039207
2.739281854612473,0.3483843678446376
2.7411367713303867,0.3470799783105005
2.7429916880483,0.3457778806547555
2.7448466047662134,0.34447800860640454
2.746701521484127,0.3431802953802953
2.74855643820204,0.34188467375051323
2.750411354919954,0.3405910761234887
2.7522662716378674,0.3392994346107667
2.754121188355781,0.3380096811013808
2.755976105073694,0.33672174733377697
2.7578310217916076,0.3354355649672354
2.7596859385095214,0.3341510656527333
2.7615408552274348,0.3328681811032008
2.763395771945348,0.33158684316311415
2.7652506886632615,0.33030698387737706
2.767105605381175,0.3290285355594422
2.7689605220990883,0.32775143085862
2.770815438817002,0.3264756028265301
2.7726703555349155,0.3252009849826476
2.774525272252829,0.323927511378897
2.7763801889707422,0.32265511666325203
2.7782351056886556,0.321383736142293
2.7800900224065694,0.3201133058426848
2.781944939124483,0.3188437625715298
2.783799855842396,0.317575043975557
2.7856547725603096,0.31630708859911005
2.787509689278223,0.31503983594089313
2.789364605996137,0.3137732265094421
2.79121952271405,0.31250720187728326
2.7930744394319635,0.3112417047337463
2.794929356149877,0.3099766789364006
2.7967842728677903,0.3087120695610827
2.798639189585704,0.3074478229504837
2.8004941063036175,0.30618388676127306
2.802349023021531,0.30492021000972613
2.8042039397394443,0.3036567431158348
2.8060588564573576,0.3023934379458738
2.8079137731752715,0.30113024785340314
2.809768689893185,0.2998671277186833
2.8116236066110982,0.29860403398648405
2.8134785233290116,0.2973409247022708
2.815333440046925,0.29607775954674787
2.817188356764839,0.29481449986874775
2.819043273482752,0.29355110871645
2.8208981902006656,0.2922875508669179
2.822753106918579,0.29102379285394364
2.8246080236364923,0.28975980299419035
2.826462940354406,0.28849555141162603
2.8283178570723195,0.28723101006024104
2.830172773790233,0.28596615274504433
2.8320276905081463,0.2847009551413373
2.8338826072260597,0.28343539481226016
2.835737523943973,0.28216945122461345
2.837592440661887,0.2809031057629542
2.8394473573798003,0.2796363417419679
2.8413022740977136,0.2783691444171232
2.843157190815627,0.2771015009936129
2.8450121075335404,0.27583340063358674
2.846867024251454,0.2745648344616862
2.8487219409693676,0.2732957955688897
2.850576857687281,0.2720262790146783
2.8524317744051944,0.2707562818275356
2.8542866911231077,0.269485803003793
2.8561416078410216,0.26821484350483704
2.857996524558935,0.2669434062526931
2.8598514412768483,0.2656714961240035
2.8617063579947617,0.2643991199424179
2.863561274712675,0.26312628646941577
2.865416191430589,0.2618530063935811
2.8672711081485023,0.26057929231835164
2.8691260248664157,0.2593051587482657
2.870980941584329,0.25803062207372973
2.8728358583022424,0.25675570055433206
2.8746907750201562,0.2554804143007293
2.8765456917380696,0.2542047852551324
2.878400608455983,0.25292883717041925
2.8802555251738964,0.251652595587904
2.8821104418918098,0.2503760878137924
2.8839653586097236,0.24909934289435456
2.885820275327637,0.2478223915898445
2.8876751920455503,0.2465452663472027
2.8895301087634637,0.24526800127157017
2.891385025481377,0.24399063209665103
2.893239942199291,0.24271319615395842
2.8950948589172043,0.24143573234097554
2.8969497756351177,0.24015828108827142
2.898804692353031,0.23888088432560606
2.9006596090709444,0.2376035854470615
2.902514525788858,0.23632642927523786
2.9043694425067716,0.2350494620245506
2.906224359224685,0.23377273126366901
2.9080792759425984,0.23249628587713347
2.909934192660512,0.23122017602619183
2.911789109378425,0.22994445310889336
2.913644026096339,0.2286691697194813
2.9154989428142524,0.22739437960712294
2.9173538595321657,0.22612013763401956
2.919208776250079,0.22484649973293333
2.9210636929679925,0.22357352286417612
2.9229186096859063,0.2223012649720984
2.9247735264038197,0.22102978494111916
2.926628443121733,0.21975914255133902
2.9284833598396465,0.21848939843377738
2.93033827655756,0.21722061402527354
2.9321931932754737,0.21595285152309368
2.934048109993387,0.2146861738392844
2.9359030267113004,0.2134206445548135
2.937757943429214,0.2121563278735383
2.939612860147127,0.21089328857604211
2.941467776865041,0.2096315919733788
2.9433226935829544,0.20837130386076613
2.9451776103008678,0.20711249047126642
2.947032527018781,0.20585521842949436
2.9488874437366945,0.20459955470539065
2.9507423604546084,0.20334556656810016
2.9525972771725217,0.202093321539993
2.954452193890435,0.2008428873508664
2.9563071106083485,0.19959433189236234
2.958162027326262,0.19834772317264138
2.9600169440441757,0.1971031292713461
2.961871860762089,0.1958606182948903
2.9637267774800025,0.19462025833210939
2.965581694197916,0.19338211741030722
2.967436610915829,0.19214626345173014
2.969291527633743,0.19091276423050557
2.9711464443516564,0.1896816873300735
2.97300136106957,0.18845310010114616
2.974856277787483,0.18722706962022406
2.9767111945053966,0.18600366264869964
2.97856611122331,0.18478294559257918
2.9804210279412238,0.18356498446284952
2.982275944659137,0.1823498448365191
2.9841308613770505,0.1811375918183592
2.985985778094964,0.17992829000337243
2.9878406948128773,0.1787220034400135
2.989695611530791,0.17751879559418593
2.9915505282487045,0.1763187293140401
2.993405444966618,0.17512186679559236
2.9952603616845312,0.1739282695491905
2.9971152784024446,0.17273799836684228
2.9989701951203585,0.17155111329043093
3.000825111838272,0.17036767358083305
3.002680028556185,0.16918773768795894
3.0045349452740986,0.16801136322173074
3.006389861992012,0.16683860692401625
3.008244778709926,0.16566952464153092
3.010099695427839,0.1645041712997233
3.0119546121457526,0.16334260087765817
3.013809528863666,0.16218486638390536
3.0156644455815793,0.1610310198334498
3.017519362299493,0.15988111222562917
3.0193742790174065,0.15873519352310955
3.02122919573532,0.15759331263190715
3.0230841124532333,0.15645551738246175
3.0249390291711467,0.1553218545117694
3.0267939458890605,0.1541923696465771
3.028648862606974,0.15306710728764505
3.0305037793248872,0.15194611079507864
3.0323586960428006,0.1508294223747318
3.034213612760714,0.14971708306568193
3.036068529478628,0.14860913272877904
3.037923446196541,0.14750561003626314
3.0397783629144546,0.1464065524624527
3.041633279632368,0.14531199627549818
3.0434881963502813,0.14422197653019683
3.0453431130681947,0.143136527061865
3.0471980297861085,0.14205568048126113
3.049052946504022,0.1409794681705528
3.0509078632219353,0.13990792028031993
3.0527627799398487,0.13884106572758625
3.054617696657762,0.13777893219486892
3.056472613375676,0.13672154613023585
3.0583275300935893,0.13566893274836017
3.0601824468115026,0.1346211160325591
3.062037363529416,0.13357811873780556
3.0638922802473294,0.13253996239469767
3.0657471969652432,0.1315066673143724
3.0676021136831566,0.13047825259434823
3.06945703040107,0.12945473612528108
3.0713119471189834,0.12843613459861658
3.0731668638368967,0.12742246351512213
3.0750217805548106,0.1264137371942801
3.076876697272724,0.12540996878452396
3.0787316139906373,0.12441117027429813
3.0805865307085507,0.12341735250392276
3.082441447426464,0.12242852517824065
3.084296364144378,0.12144469688002824
3.0861512808622913,0.12046587508414755
3.0880061975802047,0.1194920661724176
3.089861114298118,0.11852327544918347
3.0917160310160314,0.11755950715755868
3.0935709477339453,0.11660076449632009
3.0954258644518586,0.11564704963742875
3.097280781169772,0.11469836374415518
3.0991356978876854,0.11375470698978353
3.1009906146055988,0.1128160785768696
3.1028455313235126,0.1118824767570292
3.104700448041426,0.11095389885122975
3.1065553647593394,0.11003034127056144
3.1084102814772527,0.10911179953746099
3.110265198195166,0.10819826830736232
3.1121201149130795,0.10728974139074933
3.1139750316309933,0.10638621177558256
3.1158299483489067,0.10548767165007616
3.11768486506682,0.1045941124257953
3.1195397817847335,0.10370552476105165
3.121394698502647,0.10282189858456714
3.1232496152205607,0.10194322311938267
3.125104531938474,0.10106948690698173
3.1269594486563874,0.10020067783160644
3.128814365374301,0.09933678314473778
3.130669282092214,0.09847778948971309
3.132524198810128,0.09762368292645834
3.1343791155280414,0.0967744489563042
3.1362340322459548,0.09593007254686603
3.138088948963868,0.09509053815695709
3.1399438656817815,0.09425582976151431
3.1417987823996953,0.09342593087650813
3.1436536991176087,0.09260082458381418
3.145508615835522,0.09178049355602137
3.1473635325534355,0.09096492008115294
3.149218449271349,0.09015408608727561
3.1510733659892627,0.08934797316697621
3.152928282707176,0.08854656260167963
3.1547831994250894,0.08774983538578716
3.156638116143003,0.08695777225061531
3.158493032860916,0.08617035368810813
3.16034794957883,0.08538755997430837
3.1622028662967434,0.08460937119256137
3.164057783014657,0.0838357672564349
3.16591269973257,0.08306672793233413
3.1677676164504835,0.0823022328617922
3.1696225331683974,0.08154226158341965
3.1714774498863108,0.08078679355449181
3.173332366604224,0.08003580817216
3.1751872833221375,0.07928928479426729
3.177042200040051,0.07854720275975342
3.1788971167579643,0.07780954140863436
3.180752033475878,0.07707628010153904
3.1826069501937915,0.076347398238792
3.184461866911705,0.07562287527902523
3.1863167836296182,0.07490269075730888
3.1881717003475316,0.07418682430278628
3.1900266170654454,0.073475255655803
3.191881533783359,0.07276796468451813
3.193736450501272,0.07206493140098767
3.1955913672191856,0.0713661359767105
3.197446283937099,0.07067155875762766
3.1993012006550128,0.06998118027856626
3.201156117372926,0.06929498127712166
3.2030110340908395,0.06861294270697015
3.204865950808753,0.06793504575060438
3.2067208675266663,0.0672612718314898
3.20857578424458,0.06659160262563311
3.2104307009624935,0.0659260200725612
3.212285617680407,0.06526450638570655
3.2141405343983203,0.06460704406219445
3.2159954511162336,0.06395361589203402
3.2178503678341475,0.0633042049667061
3.219705284552061,0.06265879468715259
3.221560201269974,0.062017368771162665
3.2234151179878876,0.06137991126015992
3.225270034705801,0.060746406525388624
3.227124951423715,0.06011683927350331
3.228979868141628,0.0594911945515625
3.2308347848595416,0.058869457751430654
3.232689701577455,0.05825161461359118
3.2345446182953683,0.05763765123037497
3.236399535013282,0.057027554048610304
3.2382544517311955,0.05642130987169794
3.240109368449109,0.05581890586111825
3.2419642851670223,0.055220329537377134
3.2438192018849357,0.054625568780397094
3.245674118602849,0.0540346118293621
3.247529035320763,0.05344744728202271
3.2493839520386762,0.05286406409347147
3.2512388687565896,0.052284451574397886
3.253093785474503,0.051708599388830434
3.2549487021924164,0.05113649755137818
3.25680361891033,0.050568136423980475
3.2586585356282436,0.05000350671217674
3.260513452346157,0.04944259946090675
3.2623683690640704,0.04888540604985363
3.2642232857819837,0.04833191818834072
3.2660782024998976,0.04778212790979599
3.267933119217811,0.04723602756579534
3.2697880359357243,0.046693609819697446
3.2716429526536377,0.04615486763988609
3.273497869371551,0.045619794292628565
3.275352786089465,0.045088383334569965
3.2772077028073783,0.04456062860487131
3.2790626195252917,0.044036524217010736
3.280917536243205,0.04351606455025919
3.2827724529611184,0.04299924424084528
3.2846273696790322,0.04248605817282604
3.2864822863969456,0.04197650146867604
3.288337203114859,0.041470569479611905
3.2901921198327724,0.04096825777566548
3.2920470365506858,0.04046956213552235
3.2939019532685996,0.03997447853614007
3.295756869986513,0.039483003142161674
3.2976117867044263,0.03899513229513983
3.2994667034223397,0.038510862502587
3.301321620140253,0.03803019042686636
3.303176536858167,0.03755311287393994
3.3050314535760803,0.037079626781988256
3.3068863702939937,0.0366097292099164
3.308741287011907,0.03614341732576395
3.3105962037298204,0.035680688395029594
3.312451120447734,0.035221539768929944
3.3143060371656476,0.03476596887260487
3.316160953883561,0.03431397319328348
3.3180158706014744,0.03386555026842701
3.319870787319388,0.03342069767386229
3.321725704037301,0.03297941301191977
3.323580620755215,0.0325416938995897
3.3254355374731284,0.032107537956711285
3.3272904541910417,0.03167694279420784
3.329145370908955,0.031249906002380715
3.3310002876268685,0.030826425139275977
3.3328552043447823,0.03040649771913608
3.3347101210626957,0.029990121200949807
3.336565037780609,0.029577292977110495
3.3384199544985225,0.029168010362198606
3.340274871216436,0.02876227058189624
3.3421297879343497,0.028360070762047045
3.343984704652263,0.027961407917871845
3.3458396213701764,0.02756627894335191
3.34769453808809,0.027174680600788308
3.349549454806003,0.026786609510549474
3.351404371523917,0.026402062141014412
3.3532592882418304,0.026021034798723225
3.3551142049597438,0.025643523618742274
3.356969121677657,0.025269524555253494
3.3588240383955705,0.024899033372375208
3.3606789551134844,0.02453204563522353
3.3625338718313977,0.024168556701221547
3.364388788549311,0.023808561711661347
3.3662437052672245,0.02345205558352933
3.368098621985138,0.023099033001598664
3.3699535387030517,0.02274948841079434
3.371808455420965,0.02240341600883876
3.3736633721388785,0.022060809739181196
3.375518288856792,0.02172166328421641
3.377373205574705,0.02138597005879698
3.3792281222926186,0.021053723204043355
3.3810830390105324,0.020724915581455366
3.382937955728446,0.02039953976732802
3.384792872446359,0.02007758804747424
3.3866477891642726,0.019759052412259403
3.388502705882186,0.0194439245519456
3.3903576226000998,0.019132195852351402
3.392212539318013,0.018823857390825965
3.3940674560359265,0.018518899932539683
3.39592237275384,0.018217313927091777
3.3977772894717533,0.017919089505434492
3.399632206189667,0.0176242164771151
3.4014871229075805,0.017332684327834434
3.403342039625494,0.017044482217320786
3.4051969563434072,0.016759598977519503
3.4070518730613206,0.01647802311109557
3.4089067897792344,0.01619974279024846
3.410761706497148,0.015924745855835972
3.412616623215061,0.015653019816806103
3.4144715399329746,0.01538455184993386
3.416326456650888,0.01511932879985913
3.418181373368802,0.01485733717942409
3.420036290086715,0.014598563170305156
3.4218912068046285,0.014342992623936917
3.423746123522542,0.014090611062723152
3.4256010402404553,0.01384140368153097
3.427455956958369,0.013595355349464228
3.4293108736762825,0.01335245061191062
3.431165790394196,0.013112673692857202
3.4330207071121093,0.012876008497471402
3.4348756238300227,0.012642438614939303
3.4367305405479365,0.0124119473215572
3.43858545726585,0.012184517584071054
3.4404403739837632,0.011960132063257321
3.4422952907016766,0.011738773117737782
3.44415020741959,0.011520422808026102
3.446005124137504,0.011305062900794713
3.447860040855417,0.011092674873359812
3.4497149575733306,0.010883239918375053
3.451569874291244,0.010676738948728254
3.4534247910091573,0.010473152602635556
3.4552797077270707,0.010272461248922886
3.4571346244449845,0.01007464499249102
3.458989541162898,0.009879683679955417
3.4608444578808113,0.009687556905453535
3.4626993745987247,0.009498244016613717
3.464554291316638,0.009311724120676757
3.466409208034552,0.009127976090764298
3.4682641247524653,0.00894697857228511
3.4701190414703786,0.008768709989473872
3.471973958188292,0.008593148552053426
3.4738288749062054,0.00842027226201366
3.4756837916241192,0.008250058920499525
3.4775387083420326,0.008082486134801496
3.479393625059946,0.007917531325440479
3.4812485417778594,0.0077551717333391515
3.4831034584957727,0.007595384427073899
3.4849583752136866,0.007438146310199491
3.4868132919316,0.007283434128639138
3.4886682086495133,0.007131224478131894
3.4905231253674267,0.0069814938117325805
3.49237804208534,0.006834218447355265
3.494232958803254,0.006689374575353686
3.4960878755211673,0.006546938266132653
3.4979427922390807,0.00640688547778224
3.499797708956994,0.0062691920637299395
3.5016526256749074,0.006133833780401981
3.5035075423928213,0.006000786294888427
3.5053624591107346,0.0058700251926074205
3.507217375828648,0.00574152598495826
3.5090722925465614,0.005615264116961324
3.5109272092644748,0.00549121497487531
3.5127821259823886,0.0053693538937896815
3.514637042700302,0.005249656165181792
3.5164919594182154,0.005132097044438467
3.5183468761361287,0.005016651758331592
3.520201792854042,0.0049032955124458585
3.5220567095719555,0.004792003498550959
3.5239116262898693,0.004682750901915776
3.5257665430077827,0.0045755129085569834
3.527621459725696,0.004470264712419333
3.5294763764436095,0.004366981522481193
3.531331293161523,0.004265638569783143
3.5331862098794367,0.004166211114373142
3.53504112659735,0.004068674452165206
3.5368960433152634,0.003973003921707944
3.538750960033177,0.003879174910857793
3.54060587675109,0.0037871628633543344
3.542460793469004,0.003696943285294716
3.5443157101869174,0.0036084917515022425
3.5461706269048308,0.0035217839117868497
3.548025543622744,0.003436795497094575
3.5498804603406575,0.003353502325542901
3.5517353770585713,0.0032718803083396607
3.5535902937764847,0.0031919054555812967
3.555445210494398,0.0031135538819315363
3.5573001272123115,0.0030368018121741183
3.559155043930225,0.002961625586640492
3.5610099606481387,0.00288800166650968
3.562864877366052,0.0028159066389778498
3.5647197940839654,0.0027453172222969523
3.566574710801879,0.0026762102706809187
3.568429627519792,0.0026085627790768395
3.570284544237706,0.002542351887802113
3.5721394609556194,0.002477554887044502
3.573994377673533,0.002414149221224666
3.575849294391446,0.0023521124932226693
3.5777042111093595,0.0022914224684641906
3.5795591278272734,0.002232057078868248
3.5814140445451867,0.002173994426656483
3.5832689612631,0.0021172127880219604
3.5851238779810135,0.0020616906166591505
3.586978794698927,0.0020074065471545593
3.5888337114168403,0.001954339398237198
3.590688628134754,0.0019024681758913128
3.5925435448526675,0.0018517720763291667
3.594398461570581,0.0018022304888272514
3.5962533782884942,0.0017538229984240192
3.5981082950064076,0.0017065293884811553
3.5999632117243214,0.0016603296431091721
3.601818128442235,0.0016152039494584138
3.603673045160148,0.0015711326998754521
3.6055279618780616,0.0015280964939274125
3.607382878595975,0.001486076140294456
3.6092377953138888,0.0014450526585319187
3.611092712031802,0.0014050072807044248
3.6129476287497155,0.0013659214528913936
3.614802545467629,0.0013277768365679808
3.6166574621855423,0.0012905553098607053
3.618512378903456,0.0012542389686819137
3.6203672956213695,0.0012188101277414813
3.622222212339283,0.0011842513214418912
3.6240771290571963,0.0011505453046542422
3.6259320457751096,0.0011176750533805936
3.6277869624930235,0.0010856237653019893
3.629641879210937,0.0010543748602155796
3.63149679592885,0.0010239119803640319
3.6333517126467636,0.0009942189906548549
3.635206629364677,0.000965279978778686
3.637061546082591,0.0009370792552221806
3.638916462800504,0.0009096013531814696
3.6407713795184176,0.0008828310283776168
3.642626296236331,0.0008567532587755167
3.6444812129542443,0.0008313532442107661
3.646336129672158,0.0008066164059228539
3.6481910463900715,0.0007825283860018184
3.650045963107985,0.0007590750467469688
3.6519008798258983,0.0007362424699417849
3.6537557965438117,0.0007140169560472774
3.655610713261725,0.0006923850233158425
3.657465629979639,0.0006713334068278176
3.6593205466975522,0.0006508490574536931
3.6611754634154656,0.0006309191407442606
3.663030380133379,0.000611531035750814
3.6648852968512924,0.0005926723337778272
3.666740213569206,0.0005743308370711395
3.6685951302871196,0.00055649455744251
3.670450047005033,0.00053915171483504
3.6723049637229463,0.000522290735830145
3.6741598804408597,0.0005059002520988315
3.6760147971587736,0.0004899690987998605
3.677869713876687,0.0004744863129276071
3.6797246305946003,0.00045944113160993963
3.6815795473125137,0.00044482299036120027
3.683434464030427,0.0004306215212900172
3.685289380748341,0.00041682655126574
3.6871442974662543,0.00040342810004535476
3.6889992141841677,0.0003904163783616729
3.690854130902081,0.0003777817859784982
3.6927090476199944,0.0003655149097095342
3.6945639643379082,0.00035360652140853724
3.6964188810558216,0.00034204757592948623
3.698273797773735,0.0003308292090588756
3.7001287144916484,0.00031994273542448534
3.7019836312095618,0.0003093796463793548
3.7038385479274756,0.00029913160786540147
3.705693464645389,0.00028919045825786735
3.7075483813633023,0.0002795482061915683
3.7094032980812157,0.00027019702837133286
3.711258214799129,0.0002611292673691361
3.713113131517043,0.0002523374294091576
3.7149680482349563,0.00024381418214085814
3.7168229649528697,0.00023555235240540172
3.718677881670783,0.00022754492399238574
3.7205327983886964,0.0002197850353930983
3.72238771510661,0.00021226597754816535
3.7242426318245236,0.00020498119159268434
3.726097548542437,0.00019792426660177748
3.7279524652603504,0.0001910889373337131
3.729807381978264,0.00018446908197698904
3.731662298696177,0.00017805871989879513
3.733517215414091,0.00017185200939925926
3.7353721321320044,0.00016584324546941968
3.7372270488499177,0.00016002685755737642
3.739081965567831,0.00015439740734158464
3.7409368822857445,0.0001489495865138208
3.7427917990036583,0.0001436782145714608
3.7446467157215717,0.00013857823662153518
3.746501632439485,0.0001336447211979109
3.7483565491573985,0.00012887285808920942
3.750211465875312,0.00012425795618391244
3.7520663825932257,0.00011979544132855076
3.753921299311139,0.00011548085420246684
3.7557762160290524,0.00011130984821000785
3.757631132746966,0.00010727818738926614
3.759486049464879,0.00010338174434012387
3.761340966182793,9.961649817129443e-5
3.7631958829007064,9.597853246685537e-5
3.7650507996186198,9.246403327357183e-5
3.766905716336533,8.906928710982961e-5
3.7687606330544465,8.579067899546974e-5
3.7706155497723604,8.262469050461171e-5
3.7724704664902737,7.956789784160576e-5
3.774325383208187,7.66169699393214e-5
3.7761802999261005,7.376866658300937e-5
3.778035216644014,7.10198365568189e-5
3.7798901333619277,6.836741581659617e-5
3.781745050079841,6.580842568691334e-5
3.7835999667977545,6.333997108389292e-5
3.785454883515668,6.095923876438085e-5
3.787309800233581,5.86634956011578e-5
3.7891647169514946,5.645008688469344e-5
3.7910196336694084,5.431643465095455e-5
3.792874550387322,5.2260036038824856e-5
3.794729467105235,5.027846167102688e-5
3.7965843838231486,4.836935406678233e-5
3.798439300541062,4.653042607873775e-5
3.8002942172589758,4.475945935985583e-5
3.802149133976889,4.305430285747765e-5
3.8040040506948025,4.141287133648322e-5
3.805858967412716,3.98331439297947e-5
3.8077138841306293,3.8313162717433166e-5
3.809568800848543,3.6851031334876605e-5
3.8114237175664565,3.544491360936604e-5
3.81327863428437,3.409303222457784e-5
3.8151335510022832,3.279366741513676e-5
3.8169884677201966,3.154515568839708e-5
3.8188433844381104,3.0345888575601318e-5
3.820698301156024,2.9194311412577764e-5
3.822553217873937,2.8088922146876985e-5
3.8244081345918506,2.702827017680813e-5
3.826263051309764,2.6010955215689455e-5
3.828117968027678,2.5035626187601412e-5
3.829972884745591,2.4100980149762558e-5
3.8318278014635045,2.3205761244388806e-5
3.833682718181418,2.2348759678778377e-5
3.8355376348993313,2.1528810733707424e-5
3.837392551617245,2.074479379965497e-5
3.8392474683351585,1.9995631442594475e-5
3.841102385053072,1.9280288495873016e-5
3.8429573017709853,1.859777118215153e-5
3.8448122184888986,1.794712626182384e-5
3.8466671352068125,1.7327440209527825e-5
3.848522051924726,1.6737838419004537e-5
3.8503769686426392,1.6177484434770108e-5
3.8522318853605526,1.5645579211503308e-5
3.854086802078466,1.5141360400900729e-5
3.8559417187963794,1.4664101665975288e-5
3.857796635514293,1.421311202121512e-5
3.8596515522322066,1.3787735201851135e-5
3.86150646895012,1.3387349057877342e-5
3.8633613856680333,1.3011364976332415e-5
3.8652163023859467,1.2659227329099923e-5
3.8670712191038605,1.2330412948092888e-5
3.868926135821774,1.2024430626165171e-5
3.8707810525396873,1.1740820644712442e-5
3.8726359692576007,1.147915432690022e-5
3.874490885975514,1.123903361771681e-5
3.876345802693428,1.102009068883799e-5
3.8782007194113413,1.0821987570438021e-5
3.8800556361292546,1.0644415807829766e-5
3.881910552847168,1.0487096143319864e-5
3.8837654695650814,1.034977822572062e-5
3.885620386282995,1.0232240341778373e-5
3.8874753030009086,1.013428917605308e-5
3.889330219718822,1.005575959419757e-5
